0.000000 1.000000 1.000000
0.010000 0.998032 1.000000
0.020000 0.996076 1.000000
0.030000 0.994139 1.000000
0.040000 0.992230 1.000000
0.050000 0.990356 1.000000
0.060000 0.988526 1.000000
0.070000 0.986747 1.000000
0.080000 0.985026 1.000000
0.090000 0.983372 1.000000
0.100000 0.981790 1.000000
0.110000 0.980289 1.000000
0.120000 0.978875 1.000000
0.130000 0.977554 1.000000
0.140000 0.976333 1.000000
0.150000 0.975216 1.000000
0.160000 0.974209 1.000000
0.170000 0.973317 1.000000
0.180000 0.972543 1.000000
0.190000 0.971892 1.000000
0.200000 0.971366 1.000000
0.210000 0.970967 1.000000
0.220000 0.970699 1.000000
0.230000 0.970562 1.000000
0.240000 0.970556 1.000000
0.250000 0.970682 1.000000
0.260000 0.970939 1.000000
0.270000 0.971325 1.000000
0.280000 0.971840 1.000000
0.290000 0.972481 1.000000
0.300000 0.973244 1.000000
0.310000 0.974126 1.000000
0.320000 0.975123 1.000000
0.330000 0.976230 1.000000
0.340000 0.977443 1.000000
0.350000 0.978755 1.000000
0.360000 0.980161 1.000000
0.370000 0.981655 1.000000
0.380000 0.983229 1.000000
0.390000 0.984878 1.000000
0.400000 0.986593 1.000000
0.410000 0.988367 1.000000
0.420000 0.990193 1.000000
0.430000 0.992064 1.000000
0.440000 0.993970 1.000000
0.450000 0.995904 1.000000
0.460000 0.997859 1.000000
0.470000 0.999827 1.000000
0.480000 1.001799 1.001799
0.490000 1.003767 1.003767
0.500000 1.005725 1.005725
0.510000 1.007665 1.007665
0.520000 1.009578 1.009578
0.530000 1.011459 1.011459
0.540000 1.013300 1.013300
0.550000 1.015093 1.015093
0.560000 1.016834 1.016834
0.570000 1.018515 1.018515
0.580000 1.020130 1.020130
0.590000 1.021674 1.021674
0.600000 1.023141 1.023141
0.610000 1.024526 1.024526
0.620000 1.025825 1.025825
0.630000 1.027033 1.027033
0.640000 1.028146 1.028146
0.650000 1.029160 1.029160
0.660000 1.030071 1.030071
0.670000 1.030878 1.030878
0.680000 1.031576 1.031576
0.690000 1.032164 1.032164
0.700000 1.032640 1.032640
0.710000 1.033003 1.033003
0.720000 1.033250 1.033250
0.730000 1.033382 1.033382
0.740000 1.033397 1.033397
0.750000 1.033297 1.033397
0.760000 1.033080 1.033397
0.770000 1.032749 1.033397
0.780000 1.032303 1.033397
0.790000 1.031745 1.033397
0.800000 1.031076 1.033397
0.810000 1.030299 1.033397
0.820000 1.029415 1.033397
0.830000 1.028429 1.033397
0.840000 1.027342 1.033397
0.850000 1.026160 1.033397
0.860000 1.024885 1.033397
0.870000 1.023522 1.033397
0.880000 1.022077 1.033397
0.890000 1.020553 1.033397
0.900000 1.018956 1.033397
0.910000 1.017293 1.033397
0.920000 1.015567 1.033397
0.930000 1.013787 1.033397
0.940000 1.011959 1.033397
0.950000 1.010088 1.033397
0.960000 1.008183 1.033397
0.970000 1.006249 1.033397
0.980000 1.004296 1.033397
0.990000 1.002329 1.033397
1.000000 1.000357 1.033397
1.010000 0.998388 1.033397
1.020000 0.996429 1.033397
1.030000 0.994488 1.033397
1.040000 0.992574 1.033397
1.050000 0.990693 1.033397
1.060000 0.988854 1.033397
1.070000 0.987065 1.033397
1.080000 0.985333 1.033397
1.090000 0.983666 1.033397
1.100000 0.982071 1.033397
1.110000 0.980555 1.033397
1.120000 0.979125 1.033397
1.130000 0.977787 1.033397
1.140000 0.976546 1.033397
1.150000 0.975410 1.033397
1.160000 0.974383 1.033397
1.170000 0.973470 1.033397
1.180000 0.972674 1.033397
1.190000 0.972000 1.033397
1.200000 0.971451 1.033397
1.210000 0.971030 1.033397
1.220000 0.970738 1.033397
1.230000 0.970577 1.033397
1.240000 0.970547 1.033397
1.250000 0.970649 1.033397
1.260000 0.970882 1.033397
1.270000 0.971246 1.033397
1.280000 0.971737 1.033397
1.290000 0.972355 1.033397
1.300000 0.973096 1.033397
1.310000 0.973957 1.033397
1.320000 0.974934 1.033397
1.330000 0.976021 1.033397
1.340000 0.977215 1.033397
1.350000 0.978510 1.033397
1.360000 0.979900 1.033397
1.370000 0.981378 1.033397
1.380000 0.982938 1.033397
1.390000 0.984574 1.033397
1.400000 0.986278 1.033397
1.410000 0.988042 1.033397
1.420000 0.989859 1.033397
1.430000 0.991722 1.033397
1.440000 0.993622 1.033397
1.450000 0.995552 1.033397
1.460000 0.997504 1.033397
1.470000 0.999469 1.033397
1.480000 1.001441 1.033397
1.490000 1.003411 1.033397
1.500000 1.005371 1.033397
1.510000 1.007315 1.033397
1.520000 1.009234 1.033397
1.530000 1.011121 1.033397
1.540000 1.012969 1.033397
1.550000 1.014772 1.033397
1.560000 1.016523 1.033397
1.570000 1.018215 1.033397
1.580000 1.019842 1.033397
1.590000 1.021400 1.033397
1.600000 1.022881 1.033397
1.610000 1.024282 1.033397
1.620000 1.025597 1.033397
1.630000 1.026821 1.033397
1.640000 1.027951 1.033397
1.650000 1.028983 1.033397
1.660000 1.029914 1.033397
1.670000 1.030739 1.033397
1.680000 1.031457 1.033397
1.690000 1.032066 1.033397
1.700000 1.032562 1.033397
1.710000 1.032945 1.033397
1.720000 1.033214 1.033397
1.730000 1.033366 1.033397
1.740000 1.033403 1.033403
1.750000 1.033324 1.033403
1.760000 1.033128 1.033403
1.770000 1.032818 1.033403
1.780000 1.032393 1.033403
1.790000 1.031855 1.033403
1.800000 1.031206 1.033403
1.810000 1.030448 1.033403
1.820000 1.029583 1.033403
1.830000 1.028615 1.033403
1.840000 1.027546 1.033403
1.850000 1.026381 1.033403
1.860000 1.025123 1.033403
1.870000 1.023776 1.033403
1.880000 1.022345 1.033403
1.890000 1.020835 1.033403
1.900000 1.019251 1.033403
1.910000 1.017599 1.033403
1.920000 1.015884 1.033403
1.930000 1.014114 1.033403
1.940000 1.012293 1.033403
1.950000 1.010430 1.033403
1.960000 1.008530 1.033403
1.970000 1.006602 1.033403
1.980000 1.004651 1.033403
1.990000 1.002686 1.033403
2.000000 1.000715 1.033403
2.010000 0.998744 1.033403
2.020000 0.996783 1.033403
2.030000 0.994838 1.033403
2.040000 0.992918 1.033403
2.050000 0.991031 1.033403
2.060000 0.989184 1.033403
2.070000 0.987385 1.033403
2.080000 0.985643 1.033403
2.090000 0.983963 1.033403
2.100000 0.982355 1.033403
2.110000 0.980824 1.033403
2.120000 0.979377 1.033403
2.130000 0.978022 1.033403
2.140000 0.976764 1.033403
2.150000 0.975608 1.033403
2.160000 0.974561 1.033403
2.170000 0.973627 1.033403
2.180000 0.972809 1.033403
2.190000 0.972113 1.033403
2.200000 0.971542 1.033403
2.210000 0.971097 1.033403
2.220000 0.970781 1.033403
2.230000 0.970596 1.033403
2.240000 0.970543 1.033403
2.250000 0.970621 1.033403
2.260000 0.970830 1.033403
2.270000 0.971170 1.033403
2.280000 0.971639 1.033403
2.290000 0.972234 1.033403
2.300000 0.972953 1.033403
2.310000 0.973793 1.033403
2.320000 0.974748 1.033403
2.330000 0.975816 1.033403
2.340000 0.976991 1.033403
2.350000 0.978268 1.033403
2.360000 0.979641 1.033403
2.370000 0.981104 1.033403
2.380000 0.982650 1.033403
2.390000 0.984272 1.033403
2.400000 0.985964 1.033403
2.410000 0.987718 1.033403
2.420000 0.989526 1.033403
2.430000 0.991381 1.033403
2.440000 0.993275 1.033403
2.450000 0.995200 1.033403
2.460000 0.997149 1.033403
2.470000 0.999113 1.033403
2.480000 1.001084 1.033403
2.490000 1.003055 1.033403
2.500000 1.005017 1.033403
2.510000 1.006964 1.033403
2.520000 1.008888 1.033403
2.530000 1.010782 1.033403
2.540000 1.012637 1.033403
2.550000 1.014449 1.033403
2.560000 1.016210 1.033403
2.570000 1.017913 1.033403
2.580000 1.019552 1.033403
2.590000 1.021123 1.033403
2.600000 1.022618 1.033403
2.610000 1.024034 1.033403
2.620000 1.025365 1.033403
2.630000 1.026606 1.033403
2.640000 1.027754 1.033403
2.650000 1.028804 1.033403
2.660000 1.029753 1.033403
2.670000 1.030598 1.033403
2.680000 1.031335 1.033403
2.690000 1.031964 1.033403
2.700000 1.032481 1.033403
2.710000 1.032884 1.033403
2.720000 1.033174 1.033403
2.730000 1.033347 1.033403
2.740000 1.033405 1.033405
2.750000 1.033347 1.033405
2.760000 1.033172 1.033405
2.770000 1.032882 1.033405
2.780000 1.032478 1.033405
2.790000 1.031960 1.033405
2.800000 1.031331 1.033405
2.810000 1.030593 1.033405
2.820000 1.029748 1.033405
2.830000 1.028798 1.033405
2.840000 1.027747 1.033405
2.850000 1.026599 1.033405
2.860000 1.025357 1.033405
2.870000 1.024026 1.033405
2.880000 1.022610 1.033405
2.890000 1.021114 1.033405
2.900000 1.019543 1.033405
2.910000 1.017903 1.033405
2.920000 1.016199 1.033405
2.930000 1.014439 1.033405
2.940000 1.012627 1.033405
2.950000 1.010771 1.033405
2.960000 1.008877 1.033405
2.970000 1.006953 1.033405
2.980000 1.005006 1.033405
2.990000 1.003043 1.033405
