0.100000 1.531094
0.099000 1.521581
0.098000 1.513128
0.097000 1.506676
0.096000 1.500113
0.095000 1.493424
0.094000 1.486600
0.093000 1.479628
0.092000 1.472496
0.091000 1.465195
0.090000 1.457715
0.089000 1.450048
0.088000 1.442186
0.087000 1.434124
0.086000 1.425858
0.085000 1.417383
0.084000 1.411847
0.083000 1.406269
0.082000 1.400391
0.081000 1.394211
0.080000 1.387726
0.079000 1.380935
0.078000 1.373838
0.077000 1.366435
0.076000 1.358726
0.075000 1.351376
0.074000 1.346451
0.073000 1.341114
0.072000 1.335365
0.071000 1.329205
0.070000 1.322635
0.069000 1.315659
0.068000 1.308280
0.067000 1.302779
0.066000 1.297879
0.065000 1.292456
0.064000 1.286516
0.063000 1.280066
0.062000 1.273113
0.061000 1.267767
0.060000 1.263010
0.059000 1.257626
0.058000 1.251625
0.057000 1.245021
0.056000 1.239928
0.055000 1.235217
0.054000 1.229779
0.053000 1.223631
0.052000 1.218235
0.051000 1.213703
0.050000 1.208342
0.049000 1.202177
0.048000 1.197832
0.047000 1.192922
0.046000 1.187101
0.045000 1.182604
0.044000 1.177752
0.043000 1.172022
0.042000 1.167932
0.041000 1.162716
0.040000 1.158127
0.039000 1.153309
0.038000 1.148582
0.037000 1.143891
0.036000 1.139335
0.035000 1.134481
0.034000 1.130247
0.033000 1.125534
0.032000 1.121037
0.031000 1.116804
0.030000 1.112418
0.029000 1.108006
0.028000 1.103649
0.027000 1.099384
0.026000 1.095210
0.025000 1.091094
0.024000 1.086976
0.023000 1.082773
0.022000 1.078824
0.021000 1.074698
0.020000 1.070819
0.019000 1.066901
0.018000 1.062980
0.017000 1.059180
0.016000 1.055343
0.015000 1.051600
0.014000 1.047883
0.013000 1.044193
0.012000 1.040565
0.011000 1.036964
0.010000 1.033397
0.009000 1.029884
0.008000 1.026400
0.007000 1.022962
0.006000 1.019561
0.005000 1.016202
0.004000 1.012883
0.003000 1.009603
0.002000 1.006362
