# N u(x=0.25) u(x=0.5)
1 -0.0785674 0.111111
2 -0.106852 0.151111
3 -0.0924209 0.171519
4 -0.0836912 0.183865
5 -0.0895351 0.192129
6 -0.0937191 0.198047
7 -0.0905765 0.202491
8 -0.0881297 0.205951
9 -0.0900885 0.208721
10 -0.0916919 0.210989
11 -0.0903552 0.212879
12 -0.0892238 0.214479
13 -0.0901938 0.215851
14 -0.0910346 0.21704
15 -0.0902988 0.218081
16 -0.0896495 0.218999
17 -0.0902267 0.219815
18 -0.0907432 0.220546
19 -0.0902783 0.221203
20 -0.0898577 0.221798
21 -0.0902401 0.222339
22 -0.0905893 0.222833
23 -0.0902692 0.223285
24 -0.0899747 0.223702
25 -0.0902465 0.224086
26 -0.0904983 0.224442
27 -0.0902645 0.224773
28 -0.0900469 0.225081
29 -0.09025 0.225368
30 -0.09044 0.225637
31 -0.0902619 0.225889
32 -0.0900945 0.226125
33 -0.090252 0.226348
34 -0.0904006 0.226558
35 -0.0902603 0.226757
36 -0.0901276 0.226944
37 -0.0902533 0.227122
38 -0.0903726 0.227291
39 -0.0902593 0.227451
40 -0.0901515 0.227603
41 -0.0902541 0.227748
42 -0.090352 0.227887
43 -0.0902586 0.228019
44 -0.0901693 0.228145
45 -0.0902547 0.228266
46 -0.0903365 0.228382
47 -0.0902581 0.228492
48 -0.0901829 0.228599
49 -0.0902551 0.228701
50 -0.0903244 0.228799
51 -0.0902578 0.228893
52 -0.0901936 0.228984
53 -0.0902554 0.229071
54 -0.0903149 0.229155
55 -0.0902575 0.229236
56 -0.0902021 0.229315
57 -0.0902556 0.22939
58 -0.0903073 0.229463
59 -0.0902573 0.229534
60 -0.090209 0.229602
61 -0.0902558 0.229668
62 -0.090301 0.229732
63 -0.0902572 0.229794
64 -0.0902147 0.229854
65 -0.0902559 0.229913
66 -0.0902959 0.229969
67 -0.0902571 0.230024
68 -0.0902194 0.230077
69 -0.090256 0.230129
70 -0.0902916 0.230179
71 -0.090257 0.230228
72 -0.0902233 0.230276
73 -0.0902561 0.230322
74 -0.0902879 0.230367
75 -0.0902569 0.230411
76 -0.0902267 0.230454
77 -0.0902561 0.230495
78 -0.0902848 0.230536
79 -0.0902569 0.230576
80 -0.0902296 0.230614
81 -0.0902562 0.230652
82 -0.0902822 0.230689
83 -0.0902568 0.230724
84 -0.090232 0.230759
85 -0.0902562 0.230794
86 -0.0902799 0.230827
87 -0.0902568 0.23086
88 -0.0902342 0.230892
89 -0.0902563 0.230923
90 -0.0902778 0.230953
91 -0.0902567 0.230983
92 -0.0902361 0.231012
93 -0.0902563 0.231041
94 -0.0902761 0.231069
95 -0.0902567 0.231096
96 -0.0902377 0.231123
97 -0.0902563 0.23115
98 -0.0902745 0.231175
99 -0.0902567 0.231201
100 -0.0902392 0.231225
101 -0.0902563 0.23125
102 -0.0902732 0.231273
103 -0.0902567 0.231297
104 -0.0902405 0.23132
105 -0.0902564 0.231342
106 -0.0902719 0.231364
107 -0.0902566 0.231386
108 -0.0902416 0.231407
109 -0.0902564 0.231428
110 -0.0902709 0.231448
111 -0.0902566 0.231468
112 -0.0902427 0.231488
113 -0.0902564 0.231508
114 -0.0902699 0.231527
115 -0.0902566 0.231545
116 -0.0902436 0.231564
117 -0.0902564 0.231582
118 -0.090269 0.2316
119 -0.0902566 0.231617
120 -0.0902444 0.231634
121 -0.0902564 0.231651
122 -0.0902682 0.231668
123 -0.0902566 0.231684
124 -0.0902452 0.231701
125 -0.0902564 0.231716
126 -0.0902675 0.231732
127 -0.0902566 0.231747
128 -0.0902459 0.231763
129 -0.0902564 0.231777
130 -0.0902668 0.231792
131 -0.0902566 0.231807
132 -0.0902465 0.231821
133 -0.0902564 0.231835
134 -0.0902662 0.231849
135 -0.0902566 0.231862
136 -0.0902471 0.231876
137 -0.0902564 0.231889
138 -0.0902657 0.231902
139 -0.0902566 0.231915
140 -0.0902476 0.231928
141 -0.0902564 0.23194
142 -0.0902651 0.231952
143 -0.0902566 0.231964
144 -0.0902481 0.231976
145 -0.0902564 0.231988
146 -0.0902647 0.232
147 -0.0902566 0.232011
148 -0.0902485 0.232023
149 -0.0902565 0.232034
150 -0.0902643 0.232045
151 -0.0902566 0.232056
152 -0.090249 0.232067
153 -0.0902565 0.232077
154 -0.0902639 0.232088
155 -0.0902566 0.232098
156 -0.0902493 0.232108
157 -0.0902565 0.232118
158 -0.0902635 0.232128
159 -0.0902565 0.232138
160 -0.0902497 0.232148
161 -0.0902565 0.232157
162 -0.0902632 0.232167
163 -0.0902565 0.232176
164 -0.09025 0.232185
165 -0.0902565 0.232195
166 -0.0902628 0.232204
167 -0.0902565 0.232212
168 -0.0902503 0.232221
169 -0.0902565 0.23223
170 -0.0902626 0.232239
171 -0.0902565 0.232247
172 -0.0902506 0.232255
173 -0.0902565 0.232264
174 -0.0902623 0.232272
175 -0.0902565 0.23228
176 -0.0902509 0.232288
177 -0.0902565 0.232296
178 -0.090262 0.232304
179 -0.0902565 0.232312
180 -0.0902511 0.232319
181 -0.0902565 0.232327
182 -0.0902618 0.232334
183 -0.0902565 0.232342
184 -0.0902513 0.232349
185 -0.0902565 0.232356
186 -0.0902616 0.232364
187 -0.0902565 0.232371
188 -0.0902516 0.232378
189 -0.0902565 0.232385
190 -0.0902614 0.232392
191 -0.0902565 0.232398
192 -0.0902518 0.232405
193 -0.0902565 0.232412
194 -0.0902612 0.232419
195 -0.0902565 0.232425
196 -0.090252 0.232432
197 -0.0902565 0.232438
198 -0.090261 0.232444
199 -0.0902565 0.232451
200 -0.0902521 0.232457
