0.000000 1.000000 1.000000
0.010000 1.000002 1.000002
0.020000 1.000010 1.000010
0.030000 1.000023 1.000023
0.040000 1.000043 1.000043
0.050000 1.000068 1.000068
0.060000 1.000098 1.000098
0.070000 1.000134 1.000134
0.080000 1.000176 1.000176
0.090000 1.000222 1.000222
0.100000 1.000274 1.000274
0.110000 1.000330 1.000330
0.120000 1.000392 1.000392
0.130000 1.000457 1.000457
0.140000 1.000526 1.000526
0.150000 1.000600 1.000600
0.160000 1.000677 1.000677
0.170000 1.000757 1.000757
0.180000 1.000840 1.000840
0.190000 1.000926 1.000926
0.200000 1.001014 1.001014
0.210000 1.001103 1.001103
0.220000 1.001195 1.001195
0.230000 1.001288 1.001288
0.240000 1.001381 1.001381
0.250000 1.001476 1.001476
0.260000 1.001570 1.001570
0.270000 1.001664 1.001664
0.280000 1.001757 1.001757
0.290000 1.001850 1.001850
0.300000 1.001941 1.001941
0.310000 1.002031 1.002031
0.320000 1.002118 1.002118
0.330000 1.002204 1.002204
0.340000 1.002286 1.002286
0.350000 1.002366 1.002366
0.360000 1.002442 1.002442
0.370000 1.002515 1.002515
0.380000 1.002584 1.002584
0.390000 1.002649 1.002649
0.400000 1.002709 1.002709
0.410000 1.002765 1.002765
0.420000 1.002816 1.002816
0.430000 1.002862 1.002862
0.440000 1.002903 1.002903
0.450000 1.002938 1.002938
0.460000 1.002968 1.002968
0.470000 1.002992 1.002992
0.480000 1.003011 1.003011
0.490000 1.003024 1.003024
0.500000 1.003031 1.003031
0.510000 1.003033 1.003033
0.520000 1.003028 1.003033
0.530000 1.003018 1.003033
0.540000 1.003002 1.003033
0.550000 1.002981 1.003033
0.560000 1.002954 1.003033
0.570000 1.002921 1.003033
0.580000 1.002884 1.003033
0.590000 1.002841 1.003033
0.600000 1.002793 1.003033
0.610000 1.002740 1.003033
0.620000 1.002682 1.003033
0.630000 1.002621 1.003033
0.640000 1.002555 1.003033
0.650000 1.002486 1.003033
0.660000 1.002412 1.003033
0.670000 1.002336 1.003033
0.680000 1.002257 1.003033
0.690000 1.002175 1.003033
0.700000 1.002091 1.003033
0.710000 1.002005 1.003033
0.720000 1.001917 1.003033
0.730000 1.001828 1.003033
0.740000 1.001738 1.003033
0.750000 1.001648 1.003033
0.760000 1.001557 1.003033
0.770000 1.001467 1.003033
0.780000 1.001377 1.003033
0.790000 1.001288 1.003033
0.800000 1.001200 1.003033
0.810000 1.001115 1.003033
0.820000 1.001031 1.003033
0.830000 1.000949 1.003033
0.840000 1.000870 1.003033
0.850000 1.000794 1.003033
0.860000 1.000722 1.003033
0.870000 1.000653 1.003033
0.880000 1.000588 1.003033
0.890000 1.000527 1.003033
0.900000 1.000470 1.003033
0.910000 1.000418 1.003033
0.920000 1.000371 1.003033
0.930000 1.000329 1.003033
0.940000 1.000292 1.003033
0.950000 1.000261 1.003033
0.960000 1.000235 1.003033
0.970000 1.000215 1.003033
0.980000 1.000200 1.003033
0.990000 1.000191 1.003033
1.000000 1.000188 1.003033
1.010000 1.000191 1.003033
1.020000 1.000200 1.003033
1.030000 1.000214 1.003033
1.040000 1.000234 1.003033
1.050000 1.000260 1.003033
1.060000 1.000292 1.003033
1.070000 1.000329 1.003033
1.080000 1.000371 1.003033
1.090000 1.000418 1.003033
1.100000 1.000471 1.003033
1.110000 1.000528 1.003033
1.120000 1.000590 1.003033
1.130000 1.000656 1.003033
1.140000 1.000726 1.003033
1.150000 1.000800 1.003033
1.160000 1.000877 1.003033
1.170000 1.000958 1.003033
1.180000 1.001042 1.003033
1.190000 1.001128 1.003033
1.200000 1.001216 1.003033
1.210000 1.001306 1.003033
1.220000 1.001398 1.003033
1.230000 1.001491 1.003033
1.240000 1.001585 1.003033
1.250000 1.001680 1.003033
1.260000 1.001774 1.003033
1.270000 1.001868 1.003033
1.280000 1.001962 1.003033
1.290000 1.002054 1.003033
1.300000 1.002145 1.003033
1.310000 1.002235 1.003033
1.320000 1.002322 1.003033
1.330000 1.002407 1.003033
1.340000 1.002490 1.003033
1.350000 1.002569 1.003033
1.360000 1.002645 1.003033
1.370000 1.002717 1.003033
1.380000 1.002786 1.003033
1.390000 1.002850 1.003033
1.400000 1.002910 1.003033
1.410000 1.002965 1.003033
1.420000 1.003015 1.003033
1.430000 1.003061 1.003061
1.440000 1.003101 1.003101
1.450000 1.003136 1.003136
1.460000 1.003165 1.003165
1.470000 1.003189 1.003189
1.480000 1.003207 1.003207
1.490000 1.003219 1.003219
1.500000 1.003225 1.003225
1.510000 1.003226 1.003226
1.520000 1.003221 1.003226
1.530000 1.003210 1.003226
1.540000 1.003193 1.003226
1.550000 1.003171 1.003226
1.560000 1.003143 1.003226
1.570000 1.003110 1.003226
1.580000 1.003071 1.003226
1.590000 1.003028 1.003226
1.600000 1.002979 1.003226
1.610000 1.002926 1.003226
1.620000 1.002868 1.003226
1.630000 1.002805 1.003226
1.640000 1.002739 1.003226
1.650000 1.002669 1.003226
1.660000 1.002595 1.003226
1.670000 1.002518 1.003226
1.680000 1.002438 1.003226
1.690000 1.002356 1.003226
1.700000 1.002272 1.003226
1.710000 1.002185 1.003226
1.720000 1.002097 1.003226
1.730000 1.002008 1.003226
1.740000 1.001918 1.003226
1.750000 1.001827 1.003226
1.760000 1.001736 1.003226
1.770000 1.001646 1.003226
1.780000 1.001556 1.003226
1.790000 1.001467 1.003226
1.800000 1.001380 1.003226
1.810000 1.001294 1.003226
1.820000 1.001210 1.003226
1.830000 1.001129 1.003226
1.840000 1.001050 1.003226
1.850000 1.000975 1.003226
1.860000 1.000902 1.003226
1.870000 1.000834 1.003226
1.880000 1.000769 1.003226
1.890000 1.000709 1.003226
1.900000 1.000652 1.003226
1.910000 1.000601 1.003226
1.920000 1.000554 1.003226
1.930000 1.000513 1.003226
1.940000 1.000477 1.003226
1.950000 1.000446 1.003226
1.960000 1.000421 1.003226
1.970000 1.000401 1.003226
1.980000 1.000387 1.003226
1.990000 1.000379 1.003226
2.000000 1.000376 1.003226
2.010000 1.000380 1.003226
2.020000 1.000389 1.003226
2.030000 1.000404 1.003226
2.040000 1.000425 1.003226
2.050000 1.000452 1.003226
2.060000 1.000484 1.003226
2.070000 1.000522 1.003226
2.080000 1.000565 1.003226
2.090000 1.000613 1.003226
2.100000 1.000666 1.003226
2.110000 1.000723 1.003226
2.120000 1.000786 1.003226
2.130000 1.000853 1.003226
2.140000 1.000923 1.003226
2.150000 1.000998 1.003226
2.160000 1.001076 1.003226
2.170000 1.001157 1.003226
2.180000 1.001241 1.003226
2.190000 1.001327 1.003226
2.200000 1.001416 1.003226
2.210000 1.001507 1.003226
2.220000 1.001599 1.003226
2.230000 1.001692 1.003226
2.240000 1.001786 1.003226
2.250000 1.001881 1.003226
2.260000 1.001975 1.003226
2.270000 1.002070 1.003226
2.280000 1.002163 1.003226
2.290000 1.002256 1.003226
2.300000 1.002347 1.003226
2.310000 1.002436 1.003226
2.320000 1.002524 1.003226
2.330000 1.002608 1.003226
2.340000 1.002691 1.003226
2.350000 1.002770 1.003226
2.360000 1.002845 1.003226
2.370000 1.002917 1.003226
2.380000 1.002985 1.003226
2.390000 1.003049 1.003226
2.400000 1.003109 1.003226
2.410000 1.003164 1.003226
2.420000 1.003214 1.003226
2.430000 1.003258 1.003258
2.440000 1.003298 1.003298
2.450000 1.003332 1.003332
2.460000 1.003361 1.003361
2.470000 1.003384 1.003384
2.480000 1.003402 1.003402
2.490000 1.003413 1.003413
2.500000 1.003419 1.003419
2.510000 1.003419 1.003419
2.520000 1.003413 1.003419
2.530000 1.003402 1.003419
2.540000 1.003385 1.003419
2.550000 1.003362 1.003419
2.560000 1.003333 1.003419
2.570000 1.003299 1.003419
2.580000 1.003260 1.003419
2.590000 1.003216 1.003419
2.600000 1.003167 1.003419
2.610000 1.003113 1.003419
2.620000 1.003054 1.003419
2.630000 1.002991 1.003419
2.640000 1.002924 1.003419
2.650000 1.002854 1.003419
2.660000 1.002780 1.003419
2.670000 1.002702 1.003419
2.680000 1.002622 1.003419
2.690000 1.002540 1.003419
2.700000 1.002455 1.003419
2.710000 1.002368 1.003419
2.720000 1.002280 1.003419
2.730000 1.002190 1.003419
2.740000 1.002100 1.003419
2.750000 1.002009 1.003419
2.760000 1.001918 1.003419
2.770000 1.001828 1.003419
2.780000 1.001738 1.003419
2.790000 1.001649 1.003419
2.800000 1.001561 1.003419
2.810000 1.001476 1.003419
2.820000 1.001392 1.003419
2.830000 1.001311 1.003419
2.840000 1.001232 1.003419
2.850000 1.001157 1.003419
2.860000 1.001085 1.003419
2.870000 1.001017 1.003419
2.880000 1.000952 1.003419
2.890000 1.000892 1.003419
2.900000 1.000836 1.003419
2.910000 1.000785 1.003419
2.920000 1.000739 1.003419
2.930000 1.000698 1.003419
2.940000 1.000662 1.003419
2.950000 1.000632 1.003419
2.960000 1.000607 1.003419
2.970000 1.000588 1.003419
2.980000 1.000574 1.003419
2.990000 1.000566 1.003419
3.000000 1.000565 1.003419
3.010000 1.000569 1.003419
3.020000 1.000578 1.003419
3.030000 1.000594 1.003419
3.040000 1.000616 1.003419
3.050000 1.000643 1.003419
3.060000 1.000675 1.003419
3.070000 1.000713 1.003419
3.080000 1.000757 1.003419
3.090000 1.000805 1.003419
3.100000 1.000859 1.003419
3.110000 1.000917 1.003419
3.120000 1.000980 1.003419
3.130000 1.001047 1.003419
3.140000 1.001118 1.003419
3.150000 1.001193 1.003419
3.160000 1.001272 1.003419
3.170000 1.001353 1.003419
3.180000 1.001438 1.003419
3.190000 1.001524 1.003419
3.200000 1.001613 1.003419
3.210000 1.001704 1.003419
3.220000 1.001797 1.003419
3.230000 1.001890 1.003419
3.240000 1.001985 1.003419
3.250000 1.002079 1.003419
3.260000 1.002174 1.003419
3.270000 1.002268 1.003419
3.280000 1.002362 1.003419
3.290000 1.002454 1.003419
3.300000 1.002546 1.003419
3.310000 1.002635 1.003419
3.320000 1.002722 1.003419
3.330000 1.002807 1.003419
3.340000 1.002889 1.003419
3.350000 1.002968 1.003419
3.360000 1.003043 1.003419
3.370000 1.003115 1.003419
3.380000 1.003183 1.003419
3.390000 1.003247 1.003419
3.400000 1.003306 1.003419
3.410000 1.003361 1.003419
3.420000 1.003410 1.003419
3.430000 1.003455 1.003455
3.440000 1.003494 1.003494
3.450000 1.003528 1.003528
3.460000 1.003556 1.003556
3.470000 1.003579 1.003579
3.480000 1.003596 1.003596
3.490000 1.003607 1.003607
3.500000 1.003612 1.003612
3.510000 1.003612 1.003612
3.520000 1.003606 1.003612
3.530000 1.003594 1.003612
3.540000 1.003576 1.003612
3.550000 1.003553 1.003612
3.560000 1.003524 1.003612
3.570000 1.003490 1.003612
3.580000 1.003450 1.003612
3.590000 1.003405 1.003612
3.600000 1.003356 1.003612
3.610000 1.003301 1.003612
3.620000 1.003242 1.003612
3.630000 1.003179 1.003612
3.640000 1.003112 1.003612
3.650000 1.003041 1.003612
3.660000 1.002966 1.003612
3.670000 1.002889 1.003612
3.680000 1.002808 1.003612
3.690000 1.002725 1.003612
3.700000 1.002640 1.003612
3.710000 1.002553 1.003612
3.720000 1.002465 1.003612
3.730000 1.002375 1.003612
3.740000 1.002284 1.003612
3.750000 1.002193 1.003612
3.760000 1.002103 1.003612
3.770000 1.002012 1.003612
3.780000 1.001922 1.003612
3.790000 1.001833 1.003612
3.800000 1.001746 1.003612
3.810000 1.001660 1.003612
3.820000 1.001576 1.003612
3.830000 1.001495 1.003612
3.840000 1.001417 1.003612
3.850000 1.001341 1.003612
3.860000 1.001269 1.003612
3.870000 1.001201 1.003612
3.880000 1.001137 1.003612
3.890000 1.001077 1.003612
3.900000 1.001021 1.003612
3.910000 1.000970 1.003612
3.920000 1.000924 1.003612
3.930000 1.000884 1.003612
3.940000 1.000848 1.003612
3.950000 1.000818 1.003612
3.960000 1.000793 1.003612
3.970000 1.000775 1.003612
3.980000 1.000761 1.003612
3.990000 1.000754 1.003612
4.000000 1.000753 1.003612
4.010000 1.000757 1.003612
4.020000 1.000767 1.003612
4.030000 1.000783 1.003612
4.040000 1.000805 1.003612
4.050000 1.000832 1.003612
4.060000 1.000866 1.003612
4.070000 1.000904 1.003612
4.080000 1.000948 1.003612
4.090000 1.000997 1.003612
4.100000 1.001051 1.003612
4.110000 1.001109 1.003612
4.120000 1.001172 1.003612
4.130000 1.001240 1.003612
4.140000 1.001311 1.003612
4.150000 1.001387 1.003612
4.160000 1.001465 1.003612
4.170000 1.001547 1.003612
4.180000 1.001632 1.003612
4.190000 1.001719 1.003612
4.200000 1.001808 1.003612
4.210000 1.001899 1.003612
4.220000 1.001992 1.003612
4.230000 1.002086 1.003612
4.240000 1.002180 1.003612
4.250000 1.002275 1.003612
4.260000 1.002370 1.003612
4.270000 1.002464 1.003612
4.280000 1.002558 1.003612
4.290000 1.002650 1.003612
4.300000 1.002742 1.003612
4.310000 1.002831 1.003612
4.320000 1.002918 1.003612
4.330000 1.003003 1.003612
4.340000 1.003085 1.003612
4.350000 1.003164 1.003612
4.360000 1.003239 1.003612
4.370000 1.003311 1.003612
4.380000 1.003379 1.003612
4.390000 1.003442 1.003612
4.400000 1.003501 1.003612
4.410000 1.003556 1.003612
4.420000 1.003605 1.003612
4.430000 1.003649 1.003649
4.440000 1.003689 1.003689
4.450000 1.003722 1.003722
4.460000 1.003750 1.003750
4.470000 1.003773 1.003773
4.480000 1.003790 1.003790
4.490000 1.003800 1.003800
4.500000 1.003806 1.003806
4.510000 1.003805 1.003806
4.520000 1.003799 1.003806
4.530000 1.003786 1.003806
4.540000 1.003768 1.003806
4.550000 1.003745 1.003806
4.560000 1.003715 1.003806
4.570000 1.003681 1.003806
4.580000 1.003641 1.003806
4.590000 1.003596 1.003806
4.600000 1.003546 1.003806
4.610000 1.003491 1.003806
4.620000 1.003432 1.003806
4.630000 1.003369 1.003806
4.640000 1.003301 1.003806
4.650000 1.003230 1.003806
4.660000 1.003155 1.003806
4.670000 1.003077 1.003806
4.680000 1.002997 1.003806
4.690000 1.002913 1.003806
4.700000 1.002828 1.003806
4.710000 1.002741 1.003806
4.720000 1.002652 1.003806
4.730000 1.002562 1.003806
4.740000 1.002471 1.003806
4.750000 1.002380 1.003806
4.760000 1.002289 1.003806
4.770000 1.002199 1.003806
4.780000 1.002108 1.003806
4.790000 1.002019 1.003806
4.800000 1.001932 1.003806
4.810000 1.001846 1.003806
4.820000 1.001762 1.003806
4.830000 1.001681 1.003806
4.840000 1.001603 1.003806
4.850000 1.001527 1.003806
4.860000 1.001456 1.003806
4.870000 1.001387 1.003806
4.880000 1.001323 1.003806
4.890000 1.001263 1.003806
4.900000 1.001208 1.003806
4.910000 1.001157 1.003806
4.920000 1.001111 1.003806
4.930000 1.001070 1.003806
4.940000 1.001035 1.003806
4.950000 1.001005 1.003806
4.960000 1.000981 1.003806
4.970000 1.000962 1.003806
4.980000 1.000949 1.003806
4.990000 1.000942 1.003806
5.000000 1.000940 1.003806
5.010000 1.000945 1.003806
5.020000 1.000955 1.003806
5.030000 1.000972 1.003806
5.040000 1.000994 1.003806
5.050000 1.001021 1.003806
5.060000 1.001055 1.003806
5.070000 1.001093 1.003806
5.080000 1.001137 1.003806
5.090000 1.001186 1.003806
5.100000 1.001241 1.003806
5.110000 1.001299 1.003806
5.120000 1.001363 1.003806
5.130000 1.001431 1.003806
5.140000 1.001502 1.003806
5.150000 1.001578 1.003806
5.160000 1.001656 1.003806
5.170000 1.001738 1.003806
5.180000 1.001823 1.003806
5.190000 1.001911 1.003806
5.200000 1.002000 1.003806
5.210000 1.002091 1.003806
5.220000 1.002184 1.003806
5.230000 1.002278 1.003806
5.240000 1.002373 1.003806
5.250000 1.002467 1.003806
5.260000 1.002562 1.003806
5.270000 1.002657 1.003806
5.280000 1.002751 1.003806
5.290000 1.002844 1.003806
5.300000 1.002935 1.003806
5.310000 1.003024 1.003806
5.320000 1.003112 1.003806
5.330000 1.003197 1.003806
5.340000 1.003279 1.003806
5.350000 1.003357 1.003806
5.360000 1.003433 1.003806
5.370000 1.003505 1.003806
5.380000 1.003572 1.003806
5.390000 1.003636 1.003806
5.400000 1.003695 1.003806
5.410000 1.003749 1.003806
5.420000 1.003799 1.003806
5.430000 1.003843 1.003843
5.440000 1.003882 1.003882
5.450000 1.003916 1.003916
5.460000 1.003944 1.003944
5.470000 1.003966 1.003966
5.480000 1.003983 1.003983
5.490000 1.003994 1.003994
5.500000 1.003999 1.003999
5.510000 1.003998 1.003999
5.520000 1.003991 1.003999
5.530000 1.003979 1.003999
5.540000 1.003961 1.003999
5.550000 1.003937 1.003999
5.560000 1.003908 1.003999
5.570000 1.003873 1.003999
5.580000 1.003833 1.003999
5.590000 1.003788 1.003999
5.600000 1.003738 1.003999
5.610000 1.003683 1.003999
5.620000 1.003623 1.003999
5.630000 1.003560 1.003999
5.640000 1.003492 1.003999
5.650000 1.003421 1.003999
5.660000 1.003346 1.003999
5.670000 1.003268 1.003999
5.680000 1.003187 1.003999
5.690000 1.003104 1.003999
5.700000 1.003018 1.003999
5.710000 1.002931 1.003999
5.720000 1.002842 1.003999
5.730000 1.002752 1.003999
5.740000 1.002661 1.003999
5.750000 1.002570 1.003999
5.760000 1.002479 1.003999
5.770000 1.002388 1.003999
5.780000 1.002297 1.003999
5.790000 1.002208 1.003999
5.800000 1.002121 1.003999
5.810000 1.002035 1.003999
5.820000 1.001951 1.003999
5.830000 1.001870 1.003999
5.840000 1.001791 1.003999
5.850000 1.001716 1.003999
5.860000 1.001644 1.003999
5.870000 1.001575 1.003999
5.880000 1.001511 1.003999
5.890000 1.001451 1.003999
5.900000 1.001396 1.003999
5.910000 1.001345 1.003999
5.920000 1.001299 1.003999
5.930000 1.001258 1.003999
5.940000 1.001223 1.003999
5.950000 1.001193 1.003999
5.960000 1.001168 1.003999
5.970000 1.001150 1.003999
5.980000 1.001137 1.003999
5.990000 1.001129 1.003999
6.000000 1.001128 1.003999
6.010000 1.001133 1.003999
6.020000 1.001143 1.003999
6.030000 1.001159 1.003999
6.040000 1.001181 1.003999
6.050000 1.001209 1.003999
6.060000 1.001242 1.003999
6.070000 1.001281 1.003999
6.080000 1.001325 1.003999
6.090000 1.001375 1.003999
6.100000 1.001429 1.003999
6.110000 1.001488 1.003999
6.120000 1.001551 1.003999
6.130000 1.001619 1.003999
6.140000 1.001691 1.003999
6.150000 1.001766 1.003999
6.160000 1.001845 1.003999
6.170000 1.001927 1.003999
6.180000 1.002012 1.003999
6.190000 1.002100 1.003999
6.200000 1.002189 1.003999
6.210000 1.002281 1.003999
6.220000 1.002374 1.003999
6.230000 1.002468 1.003999
6.240000 1.002562 1.003999
6.250000 1.002657 1.003999
6.260000 1.002752 1.003999
6.270000 1.002847 1.003999
6.280000 1.002941 1.003999
6.290000 1.003034 1.003999
6.300000 1.003125 1.003999
6.310000 1.003215 1.003999
6.320000 1.003303 1.003999
6.330000 1.003388 1.003999
6.340000 1.003470 1.003999
6.350000 1.003549 1.003999
6.360000 1.003624 1.003999
6.370000 1.003696 1.003999
6.380000 1.003764 1.003999
6.390000 1.003828 1.003999
6.400000 1.003887 1.003999
6.410000 1.003941 1.003999
6.420000 1.003991 1.003999
6.430000 1.004035 1.004035
6.440000 1.004074 1.004074
6.450000 1.004108 1.004108
6.460000 1.004136 1.004136
6.470000 1.004159 1.004159
6.480000 1.004175 1.004175
6.490000 1.004186 1.004186
6.500000 1.004191 1.004191
6.510000 1.004191 1.004191
6.520000 1.004184 1.004191
6.530000 1.004172 1.004191
6.540000 1.004154 1.004191
6.550000 1.004130 1.004191
6.560000 1.004101 1.004191
6.570000 1.004066 1.004191
6.580000 1.004026 1.004191
6.590000 1.003981 1.004191
6.600000 1.003931 1.004191
6.610000 1.003876 1.004191
6.620000 1.003816 1.004191
6.630000 1.003753 1.004191
6.640000 1.003685 1.004191
6.650000 1.003614 1.004191
6.660000 1.003539 1.004191
6.670000 1.003461 1.004191
6.680000 1.003380 1.004191
6.690000 1.003296 1.004191
6.700000 1.003211 1.004191
6.710000 1.003123 1.004191
6.720000 1.003034 1.004191
6.730000 1.002944 1.004191
6.740000 1.002853 1.004191
6.750000 1.002762 1.004191
6.760000 1.002670 1.004191
6.770000 1.002579 1.004191
6.780000 1.002489 1.004191
6.790000 1.002400 1.004191
6.800000 1.002312 1.004191
6.810000 1.002226 1.004191
6.820000 1.002142 1.004191
6.830000 1.002060 1.004191
6.840000 1.001981 1.004191
6.850000 1.001906 1.004191
6.860000 1.001834 1.004191
6.870000 1.001765 1.004191
6.880000 1.001701 1.004191
6.890000 1.001641 1.004191
6.900000 1.001585 1.004191
6.910000 1.001534 1.004191
6.920000 1.001488 1.004191
6.930000 1.001447 1.004191
6.940000 1.001411 1.004191
6.950000 1.001381 1.004191
6.960000 1.001356 1.004191
6.970000 1.001338 1.004191
6.980000 1.001324 1.004191
6.990000 1.001317 1.004191
7.000000 1.001316 1.004191
7.010000 1.001320 1.004191
7.020000 1.001330 1.004191
7.030000 1.001347 1.004191
7.040000 1.001368 1.004191
7.050000 1.001396 1.004191
7.060000 1.001429 1.004191
7.070000 1.001468 1.004191
7.080000 1.001512 1.004191
7.090000 1.001561 1.004191
7.100000 1.001615 1.004191
7.110000 1.001674 1.004191
7.120000 1.001738 1.004191
7.130000 1.001805 1.004191
7.140000 1.001877 1.004191
7.150000 1.001953 1.004191
7.160000 1.002032 1.004191
7.170000 1.002114 1.004191
7.180000 1.002199 1.004191
7.190000 1.002286 1.004191
7.200000 1.002376 1.004191
7.210000 1.002467 1.004191
7.220000 1.002560 1.004191
7.230000 1.002654 1.004191
7.240000 1.002749 1.004191
7.250000 1.002844 1.004191
7.260000 1.002940 1.004191
7.270000 1.003034 1.004191
7.280000 1.003129 1.004191
7.290000 1.003222 1.004191
7.300000 1.003313 1.004191
7.310000 1.003403 1.004191
7.320000 1.003491 1.004191
7.330000 1.003576 1.004191
7.340000 1.003658 1.004191
7.350000 1.003738 1.004191
7.360000 1.003813 1.004191
7.370000 1.003886 1.004191
7.380000 1.003954 1.004191
7.390000 1.004018 1.004191
7.400000 1.004077 1.004191
7.410000 1.004132 1.004191
7.420000 1.004181 1.004191
7.430000 1.004226 1.004226
7.440000 1.004266 1.004266
7.450000 1.004299 1.004299
7.460000 1.004328 1.004328
7.470000 1.004351 1.004351
7.480000 1.004368 1.004368
7.490000 1.004379 1.004379
7.500000 1.004384 1.004384
7.510000 1.004384 1.004384
7.520000 1.004377 1.004384
7.530000 1.004365 1.004384
7.540000 1.004347 1.004384
7.550000 1.004324 1.004384
7.560000 1.004295 1.004384
7.570000 1.004260 1.004384
7.580000 1.004220 1.004384
7.590000 1.004175 1.004384
7.600000 1.004125 1.004384
7.610000 1.004070 1.004384
7.620000 1.004011 1.004384
7.630000 1.003948 1.004384
7.640000 1.003880 1.004384
7.650000 1.003808 1.004384
7.660000 1.003734 1.004384
7.670000 1.003655 1.004384
7.680000 1.003575 1.004384
7.690000 1.003491 1.004384
7.700000 1.003405 1.004384
7.710000 1.003318 1.004384
7.720000 1.003229 1.004384
7.730000 1.003138 1.004384
7.740000 1.003047 1.004384
7.750000 1.002956 1.004384
7.760000 1.002865 1.004384
7.770000 1.002773 1.004384
7.780000 1.002683 1.004384
7.790000 1.002593 1.004384
7.800000 1.002505 1.004384
7.810000 1.002419 1.004384
7.820000 1.002335 1.004384
7.830000 1.002253 1.004384
7.840000 1.002174 1.004384
7.850000 1.002098 1.004384
7.860000 1.002026 1.004384
7.870000 1.001957 1.004384
7.880000 1.001892 1.004384
7.890000 1.001832 1.004384
7.900000 1.001775 1.004384
7.910000 1.001724 1.004384
7.920000 1.001678 1.004384
7.930000 1.001637 1.004384
7.940000 1.001601 1.004384
7.950000 1.001570 1.004384
7.960000 1.001545 1.004384
7.970000 1.001526 1.004384
7.980000 1.001512 1.004384
7.990000 1.001505 1.004384
8.000000 1.001503 1.004384
8.010000 1.001507 1.004384
8.020000 1.001517 1.004384
8.030000 1.001533 1.004384
8.040000 1.001555 1.004384
8.050000 1.001582 1.004384
8.060000 1.001615 1.004384
8.070000 1.001653 1.004384
8.080000 1.001697 1.004384
8.090000 1.001746 1.004384
8.100000 1.001800 1.004384
8.110000 1.001859 1.004384
8.120000 1.001922 1.004384
8.130000 1.001989 1.004384
8.140000 1.002061 1.004384
8.150000 1.002137 1.004384
8.160000 1.002215 1.004384
8.170000 1.002298 1.004384
8.180000 1.002382 1.004384
8.190000 1.002470 1.004384
8.200000 1.002560 1.004384
8.210000 1.002651 1.004384
8.220000 1.002744 1.004384
8.230000 1.002838 1.004384
8.240000 1.002933 1.004384
8.250000 1.003029 1.004384
8.260000 1.003124 1.004384
8.270000 1.003219 1.004384
8.280000 1.003313 1.004384
8.290000 1.003407 1.004384
8.300000 1.003498 1.004384
8.310000 1.003588 1.004384
8.320000 1.003676 1.004384
8.330000 1.003762 1.004384
8.340000 1.003845 1.004384
8.350000 1.003924 1.004384
8.360000 1.004000 1.004384
8.370000 1.004073 1.004384
8.380000 1.004141 1.004384
8.390000 1.004206 1.004384
8.400000 1.004265 1.004384
8.410000 1.004320 1.004384
8.420000 1.004371 1.004384
8.430000 1.004416 1.004416
8.440000 1.004455 1.004455
8.450000 1.004490 1.004490
8.460000 1.004519 1.004519
8.470000 1.004542 1.004542
8.480000 1.004559 1.004559
8.490000 1.004571 1.004571
8.500000 1.004577 1.004577
8.510000 1.004576 1.004577
8.520000 1.004571 1.004577
8.530000 1.004559 1.004577
8.540000 1.004541 1.004577
8.550000 1.004518 1.004577
8.560000 1.004489 1.004577
8.570000 1.004455 1.004577
8.580000 1.004415 1.004577
8.590000 1.004371 1.004577
8.600000 1.004321 1.004577
8.610000 1.004266 1.004577
8.620000 1.004207 1.004577
8.630000 1.004144 1.004577
8.640000 1.004077 1.004577
8.650000 1.004005 1.004577
8.660000 1.003931 1.004577
8.670000 1.003853 1.004577
8.680000 1.003772 1.004577
8.690000 1.003688 1.004577
8.700000 1.003603 1.004577
8.710000 1.003515 1.004577
8.720000 1.003426 1.004577
8.730000 1.003336 1.004577
8.740000 1.003244 1.004577
8.750000 1.003153 1.004577
8.760000 1.003061 1.004577
8.770000 1.002970 1.004577
8.780000 1.002879 1.004577
8.790000 1.002789 1.004577
8.800000 1.002701 1.004577
8.810000 1.002615 1.004577
8.820000 1.002530 1.004577
8.830000 1.002448 1.004577
8.840000 1.002369 1.004577
8.850000 1.002292 1.004577
8.860000 1.002220 1.004577
8.870000 1.002150 1.004577
8.880000 1.002085 1.004577
8.890000 1.002024 1.004577
8.900000 1.001968 1.004577
8.910000 1.001916 1.004577
8.920000 1.001869 1.004577
8.930000 1.001827 1.004577
8.940000 1.001791 1.004577
8.950000 1.001760 1.004577
8.960000 1.001734 1.004577
8.970000 1.001715 1.004577
8.980000 1.001701 1.004577
8.990000 1.001692 1.004577
9.000000 1.001690 1.004577
9.010000 1.001694 1.004577
9.020000 1.001703 1.004577
9.030000 1.001719 1.004577
9.040000 1.001740 1.004577
9.050000 1.001767 1.004577
9.060000 1.001799 1.004577
9.070000 1.001837 1.004577
9.080000 1.001881 1.004577
9.090000 1.001929 1.004577
9.100000 1.001983 1.004577
9.110000 1.002041 1.004577
9.120000 1.002104 1.004577
9.130000 1.002172 1.004577
9.140000 1.002243 1.004577
9.150000 1.002318 1.004577
9.160000 1.002397 1.004577
9.170000 1.002479 1.004577
9.180000 1.002564 1.004577
9.190000 1.002651 1.004577
9.200000 1.002741 1.004577
9.210000 1.002832 1.004577
9.220000 1.002925 1.004577
9.230000 1.003019 1.004577
9.240000 1.003114 1.004577
9.250000 1.003210 1.004577
9.260000 1.003305 1.004577
9.270000 1.003401 1.004577
9.280000 1.003495 1.004577
9.290000 1.003589 1.004577
9.300000 1.003681 1.004577
9.310000 1.003771 1.004577
9.320000 1.003859 1.004577
9.330000 1.003945 1.004577
9.340000 1.004028 1.004577
9.350000 1.004108 1.004577
9.360000 1.004185 1.004577
9.370000 1.004258 1.004577
9.380000 1.004327 1.004577
9.390000 1.004392 1.004577
9.400000 1.004452 1.004577
9.410000 1.004508 1.004577
9.420000 1.004558 1.004577
9.430000 1.004604 1.004604
9.440000 1.004644 1.004644
9.450000 1.004679 1.004679
9.460000 1.004708 1.004708
9.470000 1.004732 1.004732
9.480000 1.004750 1.004750
9.490000 1.004762 1.004762
9.500000 1.004769 1.004769
9.510000 1.004769 1.004769
9.520000 1.004764 1.004769
9.530000 1.004753 1.004769
9.540000 1.004736 1.004769
9.550000 1.004713 1.004769
9.560000 1.004685 1.004769
9.570000 1.004651 1.004769
9.580000 1.004612 1.004769
9.590000 1.004567 1.004769
9.600000 1.004518 1.004769
9.610000 1.004464 1.004769
9.620000 1.004405 1.004769
9.630000 1.004342 1.004769
9.640000 1.004275 1.004769
9.650000 1.004204 1.004769
9.660000 1.004130 1.004769
9.670000 1.004052 1.004769
9.680000 1.003971 1.004769
9.690000 1.003888 1.004769
9.700000 1.003802 1.004769
9.710000 1.003715 1.004769
9.720000 1.003626 1.004769
9.730000 1.003535 1.004769
9.740000 1.003444 1.004769
9.750000 1.003352 1.004769
9.760000 1.003261 1.004769
9.770000 1.003169 1.004769
9.780000 1.003078 1.004769
9.790000 1.002988 1.004769
9.800000 1.002899 1.004769
9.810000 1.002813 1.004769
9.820000 1.002728 1.004769
9.830000 1.002645 1.004769
9.840000 1.002565 1.004769
9.850000 1.002489 1.004769
9.860000 1.002415 1.004769
9.870000 1.002346 1.004769
9.880000 1.002280 1.004769
9.890000 1.002218 1.004769
9.900000 1.002161 1.004769
9.910000 1.002109 1.004769
9.920000 1.002061 1.004769
9.930000 1.002019 1.004769
9.940000 1.001982 1.004769
9.950000 1.001950 1.004769
9.960000 1.001924 1.004769
9.970000 1.001904 1.004769
9.980000 1.001889 1.004769
9.990000 1.001880 1.004769
