0.996052 0.062832
0.988149 0.125414
0.976298 0.187496
0.960524 0.248823
0.940869 0.309146
0.917390 0.368212
0.890161 0.425773
0.859275 0.481584
0.824839 0.535407
0.786979 0.587006
0.745836 0.636157
0.701567 0.682642
0.654346 0.726254
0.604359 0.766796
0.551808 0.804086
0.496909 0.837953
0.439888 0.868242
0.380984 0.894813
0.320444 0.917545
0.258527 0.936331
0.195496 0.951083
0.131621 0.961734
0.067179 0.968234
0.002447 0.970553
-0.062296 0.968681
-0.126770 0.962627
-0.190698 0.952422
-0.253803 0.938114
-0.315817 0.919771
-0.376476 0.897479
-0.435522 0.871345
-0.492708 0.841489
-0.547797 0.808050
-0.600561 0.771182
-0.650786 0.731054
-0.698270 0.687848
-0.742828 0.641758
-0.784285 0.592990
-0.822485 0.541759
-0.857286 0.488289
-0.888563 0.432812
-0.916206 0.375565
-0.940124 0.316791
-0.960241 0.256736
-0.976497 0.195649
-0.988851 0.133780
-0.997275 0.071380
-1.001761 0.008697
-1.002313 -0.054019
-0.998952 -0.116525
-0.991715 -0.178579
-0.980651 -0.239943
-0.965824 -0.300387
-0.947313 -0.359685
-0.925208 -0.417618
-0.899610 -0.473975
-0.870635 -0.528552
-0.838406 -0.581154
-0.803060 -0.631595
-0.764740 -0.679698
-0.723602 -0.725296
-0.679808 -0.768231
-0.633527 -0.808357
-0.584938 -0.845536
-0.534224 -0.879645
-0.481575 -0.910567
-0.427186 -0.938201
-0.371259 -0.962453
-0.313996 -0.983244
-0.255605 -1.000506
-0.196299 -1.014180
-0.136289 -1.024222
-0.075792 -1.030599
-0.015023 -1.033288
0.045799 -1.032281
0.106458 -1.027581
0.166735 -1.019201
0.226415 -1.007168
0.285282 -0.991520
0.343123 -0.972309
0.399729 -0.949596
0.454892 -0.923455
0.508409 -0.893972
0.560081 -0.861244
0.609713 -0.825381
0.657117 -0.786502
0.702112 -0.744739
0.744522 -0.700234
0.784179 -0.653140
0.820924 -0.603619
0.854605 -0.551847
0.885081 -0.498005
0.912221 -0.442286
0.935906 -0.384891
0.956024 -0.326030
0.972481 -0.265920
0.985191 -0.204786
0.994083 -0.142858
0.999102 -0.080373
1.000203 -0.017574
0.997360 0.045295
0.990560 0.107985
0.979808 0.170243
0.965123 0.231818
0.946542 0.292458
0.924117 0.351909
0.897920 0.409924
0.868036 0.466257
0.834570 0.520665
0.797643 0.572913
0.757391 0.622774
0.713967 0.670027
0.667541 0.714462
0.618296 0.755879
0.566429 0.794093
0.512153 0.828928
0.455692 0.860226
0.397280 0.887842
0.337164 0.911650
0.275599 0.931538
0.212846 0.947415
0.149176 0.959207
0.084862 0.966860
0.020182 0.970337
-0.044585 0.969625
-0.109160 0.964726
-0.173264 0.955666
-0.236622 0.942488
-0.298961 0.925255
-0.360017 0.904049
-0.419530 0.878969
-0.477250 0.850134
-0.532938 0.817677
-0.586362 0.781748
-0.637306 0.742512
-0.685564 0.700147
-0.730946 0.654844
-0.773275 0.606806
-0.812389 0.556246
-0.848143 0.503385
-0.880407 0.448452
-0.909068 0.391684
-0.934028 0.333322
-0.955208 0.273610
-0.972544 0.212798
-0.985988 0.151134
-0.995511 0.088869
-1.001097 0.026252
-1.002748 -0.036468
-1.000481 -0.099045
-0.994327 -0.161237
-0.984332 -0.222807
-0.970557 -0.283521
-0.953076 -0.343152
-0.931974 -0.401480
-0.907352 -0.458291
-0.879320 -0.513380
-0.847999 -0.566548
-0.813521 -0.617608
-0.776030 -0.666380
-0.735677 -0.712694
-0.692620 -0.756390
-0.647029 -0.797317
-0.599079 -0.835337
-0.548951 -0.870322
-0.496834 -0.902152
-0.442922 -0.930722
-0.387412 -0.955937
-0.330510 -0.977713
-0.272420 -0.995978
-0.213353 -1.010671
-0.153522 -1.021744
-0.093142 -1.029160
-0.032428 -1.032894
0.028402 -1.032933
0.089130 -1.029276
0.149538 -1.021935
0.209412 -1.010931
0.268533 -0.996300
0.326690 -0.978089
0.383671 -0.956357
0.439267 -0.931174
0.493275 -0.902623
0.545493 -0.870798
0.595726 -0.835804
0.643784 -0.797758
0.689483 -0.756789
0.732645 -0.713036
0.773100 -0.666648
0.810686 -0.617786
0.845250 -0.566621
0.876647 -0.513333
0.904743 -0.458112
0.929414 -0.401157
0.950548 -0.342676
0.968045 -0.282883
0.981816 -0.222001
0.991787 -0.160260
0.997896 -0.097895
1.000097 -0.035146
0.998359 0.027740
0.992664 0.090517
0.983013 0.152933
0.969420 0.214736
0.951917 0.275673
0.930554 0.335492
0.905395 0.393942
0.876522 0.450777
0.844036 0.505753
0.808053 0.558634
0.768704 0.609188
0.726139 0.657193
0.680522 0.702436
0.632034 0.744715
0.580868 0.783839
0.527232 0.819631
0.471348 0.851927
0.413448 0.880579
0.353775 0.905455
0.292581 0.926439
0.230128 0.943435
0.166682 0.956365
0.102518 0.965167
0.037911 0.969802
-0.026860 0.970249
-0.091515 0.966507
-0.155775 0.958596
-0.219364 0.946553
-0.282008 0.930436
-0.343441 0.910322
-0.403402 0.886306
-0.461639 0.858501
-0.517907 0.827037
-0.571975 0.792058
-0.623622 0.753727
-0.672639 0.712217
-0.718832 0.667717
-0.762019 0.620425
-0.802036 0.570552
-0.838733 0.518317
-0.871975 0.463946
-0.901644 0.407676
-0.927640 0.349744
-0.949877 0.290395
-0.968288 0.229876
-0.982820 0.168436
-0.993439 0.106326
-1.000125 0.043794
-1.002876 -0.018909
-1.001704 -0.081539
-0.996636 -0.143851
-0.987715 -0.205607
-0.974996 -0.266573
-0.958551 -0.326520
-0.938461 -0.385225
-0.914822 -0.442474
-0.887741 -0.498058
-0.857338 -0.551778
-0.823741 -0.603442
-0.787090 -0.652869
-0.747533 -0.699886
-0.705228 -0.744329
-0.660341 -0.786047
-0.613043 -0.824897
-0.563517 -0.860747
-0.511948 -0.893477
-0.458527 -0.922976
-0.403453 -0.949146
-0.346927 -0.971901
-0.289155 -0.991164
-0.230345 -1.006872
-0.170711 -1.018973
-0.110465 -1.027426
-0.049824 -1.032203
0.010995 -1.033288
0.071775 -1.030676
0.132298 -1.024375
0.192347 -1.014403
0.251706 -1.000793
0.310161 -0.983588
0.367500 -0.962843
0.423513 -0.938625
0.477995 -0.911014
0.530744 -0.880100
0.581563 -0.845985
0.630259 -0.808783
0.676648 -0.768620
0.720549 -0.725631
0.761790 -0.679963
0.800207 -0.631773
0.835642 -0.581230
0.867950 -0.528512
0.896992 -0.473805
0.922642 -0.417307
0.944784 -0.359222
0.963314 -0.299763
0.978141 -0.239152
0.989186 -0.177617
0.996384 -0.115390
0.999683 -0.052713
0.999049 0.010173
0.994460 0.073017
0.985912 0.135572
0.973414 0.197583
0.956994 0.258798
0.936698 0.318964
0.912584 0.377831
0.884731 0.435150
0.853235 0.490677
0.818205 0.544172
0.779771 0.595402
0.738078 0.644144
0.693285 0.690181
0.645568 0.733307
0.595119 0.773329
0.542141 0.810065
0.486852 0.843349
0.429482 0.873026
0.370270 0.898962
0.309468 0.921035
0.247334 0.939145
0.184134 0.953207
0.120140 0.963156
0.055627 0.968947
-0.009126 0.970554
-0.073840 0.967970
-0.138235 0.961210
-0.202035 0.950306
-0.264964 0.935310
-0.326755 0.916296
-0.387145 0.893352
-0.445878 0.866587
-0.502711 0.836126
-0.557405 0.802110
-0.609739 0.764696
-0.659499 0.724056
-0.706488 0.680372
-0.750522 0.633842
-0.791429 0.584673
-0.829058 0.533080
-0.863268 0.479290
-0.893938 0.423535
-0.920962 0.366051
-0.944250 0.307084
-0.963731 0.246878
-0.979347 0.185682
-0.991060 0.123745
-0.998846 0.061319
-1.002697 -0.001349
-1.002621 -0.064012
-0.998642 -0.126425
-0.990798 -0.188350
-0.979141 -0.249549
-0.963736 -0.309793
-0.944665 -0.368859
-0.922017 -0.426528
-0.895898 -0.482591
-0.866422 -0.536847
-0.833716 -0.589100
-0.797916 -0.639168
-0.759169 -0.686874
-0.717628 -0.732053
-0.673457 -0.774550
-0.626828 -0.814218
-0.577918 -0.850924
-0.526911 -0.884543
-0.473999 -0.914963
-0.419376 -0.942081
-0.363243 -0.965808
-0.305806 -0.986064
-0.247271 -1.002783
-0.187850 -1.015908
-0.127756 -1.025396
-0.067205 -1.031216
-0.006414 -1.033346
0.054400 -1.031779
0.115019 -1.026520
0.175226 -1.017583
0.234805 -1.004997
0.293541 -0.988802
0.351220 -0.969050
0.407634 -0.945805
0.462574 -0.919141
0.515838 -0.889147
0.567228 -0.855921
0.616549 -0.819574
0.663613 -0.780227
0.708240 -0.738014
0.750254 -0.693079
0.789488 -0.645576
0.825784 -0.595670
0.858991 -0.543536
0.888970 -0.489360
0.915591 -0.433334
0.938734 -0.375663
0.958291 -0.316557
0.974168 -0.256235
0.986283 -0.194924
0.994565 -0.132855
0.998961 -0.070267
0.999431 -0.007403
0.995948 0.055491
0.988503 0.118163
0.977104 0.180363
0.961772 0.241837
0.942547 0.302332
0.919485 0.361597
0.892660 0.419382
0.862162 0.475440
0.828097 0.529532
0.790590 0.581423
0.749781 0.630885
0.705825 0.677700
0.658896 0.721660
0.609178 0.762566
0.556875 0.800234
0.502198 0.834493
0.445376 0.865187
0.386646 0.892173
0.326255 0.915328
0.264460 0.934545
0.201526 0.949735
0.137723 0.960828
0.073325 0.967773
0.008610 0.970539
-0.056141 0.969114
-0.120651 0.963507
-0.184640 0.953746
-0.247834 0.939878
-0.309963 0.921969
-0.370762 0.900105
-0.429975 0.874389
-0.487352 0.844941
-0.542656 0.811899
-0.595660 0.775416
-0.646149 0.735658
-0.693920 0.692806
-0.738785 0.647053
-0.780571 0.598604
-0.819120 0.547671
-0.854289 0.494478
-0.885950 0.439256
-0.913995 0.382240
-0.938328 0.323673
-0.958874 0.263798
-0.975571 0.202865
-0.988375 0.141122
-0.997259 0.078820
-1.002210 0.016207
-1.003232 -0.046470
-1.000344 -0.108966
-0.993580 -0.171039
-0.982988 -0.232454
-0.968631 -0.292978
-0.950584 -0.352386
-0.928936 -0.410459
-0.903786 -0.466985
-0.875247 -0.521760
-0.843443 -0.574588
-0.808506 -0.625282
-0.770579 -0.673663
-0.729816 -0.719565
-0.686376 -0.762828
-0.640428 -0.803304
-0.592149 -0.840855
-0.541720 -0.875355
-0.489331 -0.906686
-0.435176 -0.934745
-0.379454 -0.959438
-0.322367 -0.980681
-0.264124 -0.998406
-0.204934 -1.012552
-0.145010 -1.023072
-0.084568 -1.029932
-0.023822 -1.033107
0.037008 -1.032586
0.097706 -1.028370
0.158054 -1.020470
0.217835 -1.008912
0.276834 -0.993732
0.334838 -0.974978
0.391635 -0.952711
0.447018 -0.927002
0.500781 -0.897936
0.552725 -0.865608
0.602655 -0.830126
0.650381 -0.791608
0.695720 -0.750183
0.738494 -0.705994
0.778534 -0.659190
0.815678 -0.609936
0.849775 -0.558402
0.880681 -0.504771
0.908263 -0.449236
0.932399 -0.391995
0.952977 -0.333259
0.969898 -0.273245
0.983078 -0.212176
0.992442 -0.150283
0.997932 -0.087804
0.999503 -0.024980
0.997126 0.037942
0.990787 0.100714
0.980488 0.163083
0.966248 0.224797
0.948100 0.285601
0.926097 0.345244
0.900307 0.403476
0.870816 0.460049
0.837726 0.514720
0.801157 0.567254
0.761244 0.617420
0.718139 0.664998
0.672011 0.709776
0.623041 0.751553
0.571428 0.790141
0.517382 0.825364
0.461126 0.857063
0.402896 0.885091
0.342935 0.909320
0.281500 0.929637
0.218852 0.945950
0.155261 0.958183
0.090999 0.966280
0.026344 0.970204
-0.038425 0.969939
-0.103028 0.965488
-0.167186 0.956873
-0.230625 0.944136
-0.293071 0.927339
-0.354260 0.906562
-0.413932 0.881904
-0.471837 0.853480
-0.527733 0.821424
-0.581391 0.785883
-0.632592 0.747021
-0.681130 0.705015
-0.726814 0.660054
-0.769466 0.612340
-0.808924 0.562084
-0.845040 0.509506
-0.877684 0.454835
-0.906742 0.398305
-0.932114 0.340156
-0.953719 0.280632
-0.971492 0.219981
-0.985385 0.158452
-0.995365 0.096292
-1.001415 0.033753
-1.003535 -0.028918
-1.001740 -0.091477
-0.996059 -0.153681
-0.986538 -0.215292
-0.973233 -0.276078
-0.956218 -0.335811
-0.935575 -0.394271
-0.911404 -0.451243
-0.883812 -0.506521
-0.852919 -0.559908
-0.818855 -0.611214
-0.781761 -0.660257
-0.741788 -0.706869
-0.699091 -0.750886
-0.653840 -0.792158
-0.606206 -0.830544
-0.556370 -0.865914
-0.504521 -0.898148
-0.450849 -0.927140
-0.395553 -0.952791
-0.338835 -0.975016
-0.280900 -0.993741
-0.221959 -1.008904
-0.162222 -1.020453
-0.101905 -1.028351
-0.041224 -1.032570
0.019605 -1.033095
0.080364 -1.029924
0.140835 -1.023064
0.200801 -1.012537
0.260047 -0.998376
0.318358 -0.980625
0.375521 -0.959342
0.431329 -0.934596
0.485576 -0.906466
0.538060 -0.875045
0.588584 -0.840437
0.636957 -0.802758
0.682993 -0.762134
0.726514 -0.718702
0.767347 -0.672613
0.805329 -0.624023
0.840304 -0.573105
0.872127 -0.520036
0.900661 -0.465006
0.925781 -0.408213
0.947372 -0.349865
0.965333 -0.290175
0.979572 -0.229367
0.990014 -0.167670
0.996595 -0.105319
0.999267 -0.042555
0.997996 0.020377
0.992763 0.083229
0.983567 0.145747
0.970421 0.207681
0.953355 0.268776
0.932417 0.328779
0.907669 0.387438
0.879194 0.444507
0.847088 0.499740
0.811468 0.552900
0.772463 0.603754
0.730223 0.652078
0.684910 0.697660
0.636704 0.740293
0.585798 0.779788
0.532399 0.815964
0.476727 0.848657
0.419015 0.877718
0.359504 0.903012
0.298449 0.924424
0.236107 0.941854
0.172748 0.955223
0.108643 0.964469
0.044068 0.969550
-0.020696 0.970445
-0.085371 0.967150
-0.149678 0.959684
-0.213340 0.948083
-0.276085 0.932404
-0.337644 0.912722
-0.397756 0.889130
-0.456170 0.861739
-0.512641 0.830679
-0.566935 0.796093
-0.618832 0.758140
-0.668123 0.716994
-0.714612 0.672840
-0.758117 0.625878
-0.798471 0.576314
-0.835525 0.524369
-0.869143 0.470266
-0.899204 0.414240
-0.925608 0.356528
-0.948267 0.297375
-0.967112 0.237025
-0.982090 0.175727
-0.993164 0.113731
-1.000312 0.051285
-1.003531 -0.011362
-1.002831 -0.073965
-0.998236 -0.136281
-0.989788 -0.198070
-0.977541 -0.259099
-0.961563 -0.319140
-0.941934 -0.377968
-0.918749 -0.435370
-0.892112 -0.491136
-0.862140 -0.545066
-0.828961 -0.596968
-0.792712 -0.646660
-0.753540 -0.693967
-0.711601 -0.738726
-0.667059 -0.780782
-0.620085 -0.819992
-0.570858 -0.856222
-0.519562 -0.889351
-0.466390 -0.919267
-0.411537 -0.945870
-0.355204 -0.969070
-0.297595 -0.988790
-0.238919 -1.004966
-0.179387 -1.017541
-0.119214 -1.026475
-0.058613 -1.031737
0.002197 -1.033308
0.062999 -1.031181
0.123575 -1.025363
0.183709 -1.015870
0.243183 -1.002731
0.301783 -0.985989
0.359297 -0.965697
0.415514 -0.941919
0.470228 -0.914733
0.523235 -0.884228
0.574338 -0.850505
0.623343 -0.813676
0.670063 -0.773863
0.714317 -0.731202
0.755931 -0.685839
0.794738 -0.637929
0.830581 -0.587640
0.863310 -0.535148
0.892787 -0.480640
0.918883 -0.424312
0.941481 -0.366368
0.960473 -0.307022
0.975767 -0.246493
0.987282 -0.185010
0.994951 -0.122806
0.998722 -0.060120
0.998556 0.002802
0.994431 0.065713
0.986339 0.128362
0.974291 0.190496
0.958311 0.251862
0.938443 0.312205
0.914745 0.371274
0.887293 0.428820
0.856181 0.484597
0.821520 0.538365
0.783436 0.589890
0.742072 0.638946
0.697589 0.685315
0.650161 0.728792
0.599978 0.769180
0.547243 0.806296
0.492173 0.839973
0.434998 0.870056
0.375957 0.896407
0.315300 0.918906
0.253285 0.937447
0.190178 0.951947
0.126251 0.962339
0.061778 0.968576
-0.002961 0.970630
-0.067687 0.968494
-0.132122 0.962180
-0.195987 0.951719
-0.259009 0.937163
-0.320918 0.918582
-0.381452 0.896064
-0.440356 0.869717
-0.497383 0.839663
-0.552298 0.806043
-0.604875 0.769012
-0.654903 0.728739
-0.702182 0.685407
-0.746527 0.639212
-0.787767 0.590358
-0.825747 0.539061
-0.860327 0.485545
-0.891385 0.430041
-0.918813 0.372785
-0.942520 0.314020
-0.962432 0.253990
-0.978491 0.192944
-0.990656 0.131130
-0.998902 0.068797
-1.003220 0.006193
-1.003615 -0.056435
-1.000110 -0.118843
-0.992739 -0.180792
-0.981554 -0.242047
-0.966619 -0.302376
-0.948010 -0.361557
-0.925818 -0.419371
-0.900146 -0.475608
-0.871105 -0.530066
-0.838821 -0.582550
-0.803428 -0.632875
-0.765070 -0.680865
-0.723901 -0.726352
-0.680081 -0.769180
-0.633781 -0.809203
-0.585177 -0.846284
-0.534452 -0.880298
-0.481795 -0.911129
-0.427401 -0.938676
-0.371469 -0.962845
-0.314203 -0.983555
-0.255810 -1.000739
-0.196500 -1.014337
-0.136487 -1.024304
-0.075986 -1.030607
-0.015213 -1.033223
0.045614 -1.032143
0.106278 -1.027367
0.166562 -1.018910
0.226247 -1.006798
0.285120 -0.991069
0.342967 -0.971772
0.399576 -0.948970
0.454741 -0.922736
0.508256 -0.893156
0.559922 -0.860326
0.609545 -0.824357
0.656935 -0.785367
0.701908 -0.743489
0.744289 -0.698865
0.783910 -0.651649
0.820608 -0.602004
0.854234 -0.550104
0.884644 -0.496134
0.911708 -0.440287
0.935303 -0.382765
0.955321 -0.323779
0.971664 -0.263548
0.984248 -0.202297
0.993002 -0.140259
0.997869 -0.077672
0.998807 -0.014779
0.995789 0.048173
0.988804 0.110933
0.977856 0.173248
0.962967 0.234864
0.944173 0.295529
0.921531 0.354989
0.895111 0.412993
0.865002 0.469296
0.831310 0.523655
0.794158 0.575834
0.753684 0.625604
0.710044 0.672747
0.663409 0.717051
0.613965 0.758319
0.561910 0.796364
0.507460 0.831013
0.450840 0.862108
0.392287 0.889508
0.332048 0.913085
0.270380 0.932732
0.207547 0.948359
0.143818 0.959893
0.079468 0.967283
0.014775 0.970496
-0.049982 0.969519
-0.114523 0.964359
-0.178571 0.955042
-0.241850 0.941614
-0.304089 0.924140
-0.365026 0.902705
-0.424401 0.877409
-0.481966 0.848372
-0.537484 0.815730
-0.590725 0.779633
-0.641474 0.740247
-0.689528 0.697752
-0.734699 0.652339
-0.776812 0.604210
-0.815708 0.553579
-0.851242 0.500667
-0.883286 0.445702
-0.911730 0.388921
-0.936479 0.330563
-0.957452 0.270872
-0.974589 0.210096
-0.987843 0.148484
-0.997185 0.086283
-1.002601 0.023742
-1.004093 -0.038891
-1.001678 -0.101374
-0.995388 -0.163464
-0.985270 -0.224925
-0.971383 -0.285526
-0.953801 -0.345041
-0.932611 -0.403250
-0.907910 -0.459942
-0.879810 -0.514912
-0.848432 -0.567963
-0.813906 -0.618906
-0.776374 -0.667565
-0.735987 -0.713768
-0.692904 -0.757356
-0.647292 -0.798181
-0.599325 -0.836101
-0.549185 -0.870990
-0.497059 -0.902729
-0.443140 -0.931212
-0.387626 -0.956343
-0.330719 -0.978037
-0.272626 -0.996224
-0.213556 -1.010841
-0.153722 -1.021839
-0.093337 -1.029181
-0.032619 -1.032841
0.028216 -1.032807
0.088950 -1.029075
0.149366 -1.021657
0.209246 -1.010575
0.268374 -0.995863
0.326536 -0.977567
0.383521 -0.955747
0.439120 -0.930472
0.493127 -0.901824
0.545341 -0.869898
0.595566 -0.834798
0.643611 -0.796643
0.689290 -0.755559
0.732426 -0.711688
0.772847 -0.665178
0.810390 -0.616192
0.844901 -0.564900
0.876235 -0.511483
0.904256 -0.456134
0.928842 -0.399051
0.949878 -0.340443
0.967264 -0.280527
0.980912 -0.219527
0.990747 -0.157673
0.996708 -0.095203
0.998749 -0.032359
0.996839 0.030613
0.990961 0.093464
0.981116 0.155940
0.967320 0.217789
0.949607 0.278755
0.928027 0.338587
0.902646 0.397031
0.873548 0.453841
0.840836 0.508773
0.804627 0.561589
0.765055 0.612058
0.722272 0.659958
0.676444 0.705076
0.627753 0.747210
0.576396 0.786170
0.522583 0.821780
0.466536 0.853877
0.408489 0.882316
0.348689 0.906964
0.287387 0.927710
0.224848 0.944457
0.161338 0.957130
0.097131 0.965671
0.032506 0.970042
-0.032261 0.970225
-0.096888 0.966221
-0.161097 0.958051
-0.224612 0.945756
-0.287163 0.929396
-0.348481 0.909049
-0.408309 0.884814
-0.466394 0.856804
-0.522497 0.825150
-0.576385 0.790000
-0.627840 0.751514
-0.676656 0.709869
-0.722639 0.665253
-0.765612 0.617866
-0.805411 0.567917
-0.841888 0.515626
-0.874910 0.461219
-0.904363 0.404930
-0.930146 0.346998
-0.952175 0.287666
-0.970385 0.227179
-0.984726 0.165787
-0.995162 0.103738
-1.001675 0.041279
-1.004264 -0.021341
-1.002942 -0.083878
-0.997735 -0.146090
-0.988687 -0.207739
-0.975854 -0.268594
-0.959305 -0.328425
-0.939123 -0.387013
-0.915404 -0.444143
-0.888253 -0.499608
-0.857790 -0.553210
-0.824142 -0.604758
-0.787448 -0.654071
-0.747856 -0.700977
-0.705522 -0.745313
-0.660612 -0.786927
-0.613297 -0.825677
-0.563758 -0.861431
-0.512178 -0.894069
-0.458750 -0.923479
-0.403670 -0.949565
-0.347139 -0.972238
-0.289363 -0.991422
-0.230550 -1.007054
-0.170911 -1.019080
-0.110661 -1.027459
-0.050015 -1.032163
0.010810 -1.033174
0.071596 -1.030487
0.132126 -1.024110
0.192182 -1.014060
0.251548 -1.000369
0.310009 -0.983080
0.367353 -0.962248
0.423370 -0.937939
0.477852 -0.910232
0.530599 -0.879217
0.581411 -0.844998
0.630096 -0.807687
0.676467 -0.767410
0.720344 -0.724303
0.761553 -0.678513
0.799929 -0.630199
0.835314 -0.579530
0.867561 -0.526683
0.896532 -0.471847
0.922099 -0.415220
0.944146 -0.357008
0.962569 -0.297425
0.977276 -0.236694
0.988188 -0.175044
