0.998026 0.062832
0.992114 0.125416
0.982287 0.187505
0.968585 0.248854
0.951061 0.309222
0.929785 0.368370
0.904841 0.426065
0.876329 0.482079
0.844360 0.536192
0.809061 0.588191
0.770573 0.637870
0.729047 0.685036
0.684648 0.729501
0.637550 0.771092
0.587941 0.809645
0.536016 0.845009
0.481981 0.877045
0.426048 0.905629
0.368437 0.930648
0.309377 0.952005
0.249100 0.969617
0.187843 0.983416
0.125848 0.993348
0.063358 0.999375
0.000618 1.001475
-0.062123 0.999641
-0.124621 0.993881
-0.186630 0.984219
-0.247906 0.970694
-0.308209 0.953359
-0.367303 0.932285
-0.424957 0.907554
-0.480944 0.879264
-0.535046 0.847528
-0.587052 0.812470
-0.636757 0.774229
-0.683968 0.732956
-0.728501 0.688811
-0.770181 0.641970
-0.808846 0.592616
-0.844346 0.540942
-0.876541 0.487151
-0.905306 0.431454
-0.930530 0.374069
-0.952114 0.315220
-0.969974 0.255139
-0.984040 0.194060
-0.994258 0.132222
-1.000588 0.069866
-1.003005 0.007238
-1.001501 -0.055419
-0.996080 -0.117859
-0.986764 -0.179839
-0.973590 -0.241115
-0.956608 -0.301449
-0.935886 -0.360603
-0.911502 -0.418347
-0.883554 -0.474455
-0.852149 -0.528707
-0.817410 -0.580891
-0.779472 -0.630801
-0.738484 -0.678243
-0.694605 -0.723030
-0.648006 -0.764987
-0.598870 -0.803947
-0.547389 -0.839760
-0.493763 -0.872282
-0.438202 -0.901387
-0.380924 -0.926958
-0.322152 -0.948896
-0.262117 -0.967113
-0.201053 -0.981537
-0.139201 -0.992110
-0.076803 -0.998789
-0.014103 -1.001548
0.048653 -1.000375
0.111217 -0.995272
0.173345 -0.986259
0.234791 -0.973371
0.295315 -0.956656
0.354678 -0.936181
0.412645 -0.912023
0.468990 -0.884278
0.523490 -0.853053
0.575929 -0.818471
0.626101 -0.780668
0.673808 -0.739790
0.718862 -0.695999
0.761084 -0.649466
0.800307 -0.600374
0.836377 -0.548917
0.869151 -0.495296
0.898500 -0.439724
0.924306 -0.382417
0.946469 -0.323603
0.964899 -0.263513
0.979525 -0.202384
0.990289 -0.140457
0.997147 -0.077976
1.000073 -0.015187
0.999055 0.047662
0.994097 0.110323
0.985218 0.172549
0.972455 0.234094
0.955857 0.294717
0.935490 0.354177
0.911435 0.412241
0.883787 0.468681
0.852656 0.523273
0.818165 0.575802
0.780449 0.626063
0.739659 0.673858
0.695955 0.718998
0.649510 0.761307
0.600509 0.800618
0.549143 0.836778
0.495616 0.869645
0.440139 0.899090
0.382930 0.924998
0.324216 0.947269
0.264226 0.965815
0.203199 0.980566
0.141372 0.991463
0.078991 0.998466
0.016299 1.001547
-0.046457 1.000696
-0.109031 0.995918
-0.171176 0.987231
-0.232651 0.974672
-0.293213 0.958291
-0.352625 0.938153
-0.410656 0.914337
-0.467077 0.886938
-0.521669 0.856065
-0.574217 0.821839
-0.624517 0.784395
-0.672372 0.743880
-0.717596 0.700454
-0.760012 0.654286
-0.799454 0.605559
-0.835769 0.554463
-0.868815 0.501199
-0.898464 0.445974
-0.924600 0.389006
-0.947122 0.330517
-0.965941 0.270736
-0.980985 0.209896
-0.992194 0.148237
-0.999526 0.085997
-1.002952 0.023422
-1.002458 -0.039245
-0.998047 -0.101758
-0.989735 -0.163874
-0.977555 -0.225350
-0.961555 -0.285945
-0.941796 -0.345422
-0.918356 -0.403550
-0.891325 -0.460099
-0.860810 -0.514850
-0.826929 -0.567588
-0.789813 -0.618106
-0.749609 -0.666206
-0.706471 -0.711700
-0.660569 -0.754409
-0.612082 -0.794166
-0.561199 -0.830814
-0.508119 -0.864210
-0.453048 -0.894220
-0.396203 -0.920728
-0.337805 -0.943629
-0.278084 -0.962831
-0.217272 -0.978259
-0.155608 -0.989851
-0.093334 -0.997561
-0.030693 -1.001357
0.032068 -1.001223
0.094703 -0.997159
0.156967 -0.989180
0.218614 -0.977315
0.279402 -0.961611
0.339092 -0.942128
0.397450 -0.918943
0.454245 -0.892144
0.509254 -0.861836
0.562260 -0.828139
0.613053 -0.791183
0.661434 -0.751114
0.707212 -0.708089
0.750206 -0.662275
0.790246 -0.613854
0.827173 -0.563016
0.860843 -0.509959
0.891122 -0.454894
0.917889 -0.398036
0.941040 -0.339610
0.960483 -0.279846
0.976140 -0.218979
0.987951 -0.157249
0.995867 -0.094898
0.999859 -0.032174
0.999909 0.030677
0.996019 0.093407
0.988203 0.155769
0.976492 0.217518
0.960933 0.278409
0.941587 0.338203
0.918532 0.396665
0.891857 0.453564
0.861670 0.508676
0.828088 0.561785
0.791245 0.612681
0.751287 0.661166
0.708371 0.707047
0.662668 0.750146
0.614356 0.790293
0.563628 0.827331
0.510683 0.861114
0.455729 0.891512
0.398984 0.918405
0.340671 0.941689
0.281019 0.961272
0.220264 0.977079
0.158643 0.989050
0.096399 0.997137
0.033777 1.001311
-0.028977 1.001556
-0.091618 0.997872
-0.153900 0.990276
-0.215578 0.978796
-0.276412 0.963481
-0.336163 0.944390
-0.394596 0.921600
-0.451485 0.895201
-0.506606 0.865297
-0.559744 0.832006
-0.610691 0.795459
-0.659249 0.755800
-0.705229 0.713184
-0.748451 0.667780
-0.788746 0.619764
-0.825958 0.569325
-0.859941 0.516661
-0.890564 0.461978
-0.917706 0.405489
-0.941264 0.347417
-0.961144 0.287986
-0.977269 0.227431
-0.989577 0.165988
-0.998020 0.103896
-1.002565 0.041398
-1.003194 -0.021262
-0.999905 -0.083838
-0.992710 -0.146088
-0.981638 -0.207766
-0.966732 -0.268634
-0.948049 -0.328451
-0.925663 -0.386986
-0.899659 -0.444009
-0.870141 -0.499297
-0.837221 -0.552634
-0.801029 -0.603810
-0.761706 -0.652627
-0.719405 -0.698891
-0.674289 -0.742423
-0.626537 -0.783050
-0.576333 -0.820614
-0.523874 -0.854967
-0.469364 -0.885973
-0.413017 -0.913511
-0.355052 -0.937472
-0.295696 -0.957760
-0.235182 -0.974297
-0.173746 -0.987014
-0.111629 -0.995863
-0.049074 -1.000807
0.013674 -1.001825
0.076368 -0.998913
0.138762 -0.992081
0.200612 -0.981354
0.261674 -0.966774
0.321708 -0.948397
0.380479 -0.926295
0.437755 -0.900552
0.493310 -0.871270
0.546926 -0.838563
0.598391 -0.802558
0.647503 -0.763396
0.694068 -0.721232
0.737901 -0.676229
0.778831 -0.628566
0.816696 -0.578428
0.851345 -0.526013
0.882643 -0.471527
0.910465 -0.415184
0.934702 -0.357206
0.955257 -0.297821
0.972050 -0.237263
0.985014 -0.175771
0.994098 -0.113586
0.999266 -0.050953
1.000498 0.011880
0.997789 0.074666
0.991149 0.137159
0.980605 0.199111
0.966199 0.260279
0.947988 0.320422
0.926043 0.379304
0.900453 0.436691
0.871317 0.492360
0.838751 0.546091
0.802884 0.597672
0.763858 0.646902
0.721827 0.693586
0.676956 0.737542
0.629423 0.778598
0.579415 0.816593
0.527129 0.851377
0.472772 0.882816
0.416557 0.910786
0.358706 0.935179
0.299446 0.955899
0.239011 0.972867
0.177638 0.986017
0.115567 0.995298
0.053044 1.000674
-0.009688 1.002127
-0.072382 0.999651
-0.134792 0.993257
-0.196674 0.982972
-0.257786 0.968836
-0.317889 0.950907
-0.376747 0.929254
-0.434130 0.903965
-0.489815 0.875139
-0.543583 0.842889
-0.595226 0.807342
-0.644542 0.768639
-0.691338 0.726931
-0.735431 0.682382
-0.776651 0.635166
-0.814837 0.585468
-0.849839 0.533484
-0.881523 0.479415
-0.909763 0.423475
-0.934451 0.365880
-0.955491 0.306857
-0.972800 0.246637
-0.986312 0.185453
-0.995974 0.123545
-1.001748 0.061155
-1.003611 -0.001474
-1.001557 -0.064098
-0.995593 -0.126471
-0.985743 -0.188350
-0.972045 -0.249495
-0.954551 -0.309665
-0.933331 -0.368626
-0.908466 -0.426148
-0.880053 -0.482005
-0.848202 -0.535981
-0.813039 -0.587862
-0.774698 -0.637446
-0.733330 -0.684540
-0.689096 -0.728958
-0.642168 -0.770527
-0.592729 -0.809082
-0.540971 -0.844474
-0.487098 -0.876562
-0.431318 -0.905220
-0.373850 -0.930335
-0.314919 -0.951808
-0.254754 -0.969554
-0.193592 -0.983503
-0.131670 -0.993598
-0.069233 -0.999799
-0.006525 -1.002081
0.056210 -1.000434
0.118724 -0.994863
0.180772 -0.985389
0.242111 -0.972047
0.302500 -0.954891
0.361701 -0.933985
0.419481 -0.909411
0.475614 -0.881264
0.529878 -0.849655
0.582060 -0.814706
0.631954 -0.776555
0.679363 -0.735351
0.724101 -0.691255
0.765990 -0.644440
0.804867 -0.595089
0.840576 -0.543398
0.872978 -0.489568
0.901945 -0.433811
0.927362 -0.376347
0.949128 -0.317401
0.967158 -0.257206
0.981381 -0.195999
0.991740 -0.134019
0.998194 -0.071512
1.000719 -0.008723
0.999304 0.054100
0.993955 0.116710
0.984693 0.178861
0.971554 0.240308
0.954592 0.300809
0.933873 0.360126
0.909478 0.418026
0.881505 0.474281
0.850065 0.528671
0.815280 0.580981
0.777289 0.631006
0.736241 0.678550
0.692300 0.723426
0.645637 0.765459
0.596437 0.804485
0.544894 0.840350
0.491210 0.872914
0.435598 0.902050
0.378276 0.927646
0.319469 0.949601
0.259409 0.967830
0.198331 0.982263
0.136475 0.992844
0.074085 0.999533
0.011404 1.002305
-0.051322 1.001149
-0.113847 0.996073
-0.175926 0.987096
-0.237317 0.974254
-0.297778 0.957600
-0.357075 0.937199
-0.414975 0.913132
-0.471252 0.885495
-0.525687 0.854395
-0.578067 0.819956
-0.628188 0.782312
-0.675855 0.741612
-0.720882 0.698015
-0.763094 0.651692
-0.802326 0.602825
-0.838425 0.551603
-0.871252 0.498229
-0.900678 0.442910
-0.926590 0.385862
-0.948886 0.327309
-0.967479 0.267478
-0.982297 0.206604
-0.993284 0.144923
-1.000395 0.082678
-1.003604 0.020109
-1.002897 -0.042538
-0.998277 -0.105019
-0.989763 -0.167090
-0.977388 -0.228509
-0.961198 -0.289037
-0.941258 -0.348437
-0.917644 -0.406478
-0.890449 -0.462932
-0.859777 -0.517578
-0.825749 -0.570204
-0.788496 -0.620604
-0.748164 -0.668580
-0.704909 -0.713944
-0.658900 -0.756519
-0.610316 -0.796137
-0.559346 -0.832644
-0.506190 -0.865895
-0.451053 -0.895760
-0.394153 -0.922121
-0.335710 -0.944875
-0.275953 -0.963930
-0.215116 -0.979212
-0.153436 -0.990660
-0.091155 -0.998227
-0.028517 -1.001884
0.034232 -1.001614
0.096848 -0.997418
0.159084 -0.989311
0.220696 -0.977323
0.281442 -0.961502
0.341084 -0.941907
0.399387 -0.918616
0.456123 -0.891718
0.511067 -0.861318
0.564004 -0.827534
0.614725 -0.790500
0.663030 -0.750359
0.708730 -0.707269
0.751644 -0.661399
0.791602 -0.612928
0.828448 -0.562047
0.862036 -0.508956
0.892233 -0.453863
0.918920 -0.396984
0.941993 -0.338543
0.961359 -0.278771
0.976943 -0.217901
0.988683 -0.156174
0.996533 -0.093833
1.000461 -0.031122
1.000453 0.031711
0.996509 0.094420
0.988643 0.156757
0.976889 0.218477
0.961291 0.279338
0.941912 0.339101
0.918829 0.397529
0.892132 0.454395
0.861928 0.509474
0.828335 0.562550
0.791486 0.613415
0.751527 0.661869
0.708615 0.707723
0.662919 0.750797
0.614620 0.790922
0.563907 0.827942
0.510981 0.861712
0.456050 0.892100
0.399329 0.918989
0.341042 0.942272
0.281418 0.961861
0.220691 0.977679
0.159098 0.989666
0.096882 0.997775
0.034287 1.001976
-0.028443 1.002253
-0.091061 0.998608
-0.153324 0.991054
-0.214986 0.979622
-0.275807 0.964359
-0.335550 0.945325
-0.393981 0.922595
-0.450873 0.896260
-0.506003 0.866422
-0.559156 0.833200
-0.610125 0.796724
-0.658712 0.757137
-0.704728 0.714593
-0.747993 0.669261
-0.788339 0.621317
-0.825609 0.570948
-0.859658 0.518352
-0.890354 0.463735
-0.917577 0.407308
-0.941221 0.349293
-0.961196 0.289915
-0.977422 0.229407
-0.989837 0.168005
-0.998393 0.105947
-1.003056 0.043477
-1.003808 -0.019164
-1.000647 -0.081729
-0.993583 -0.143976
-0.982646 -0.205662
-0.967876 -0.266546
-0.949332 -0.326390
-0.927084 -0.384961
-0.901221 -0.442031
-0.871841 -0.497376
-0.839059 -0.550780
-0.803003 -0.602035
-0.763812 -0.650940
-0.721639 -0.697304
-0.676649 -0.740945
-0.629015 -0.781692
-0.578924 -0.819386
-0.526571 -0.853878
-0.472160 -0.885032
-0.415903 -0.912727
-0.358019 -0.936852
-0.298735 -0.957313
-0.238282 -0.974029
-0.176897 -0.986933
-0.114819 -0.995973
-0.052291 -1.001114
0.010441 -1.002333
0.073133 -0.999626
0.135538 -0.993001
0.197412 -0.982484
0.258512 -0.968114
0.318599 -0.949948
0.377435 -0.928055
0.434791 -0.902520
0.490440 -0.873443
0.544164 -0.840937
0.595751 -0.805130
0.644999 -0.766160
0.691713 -0.724181
0.735709 -0.679356
0.776815 -0.631862
0.814868 -0.581885
0.849718 -0.529620
0.881228 -0.475273
0.909273 -0.419058
0.933743 -0.361195
0.954541 -0.301912
0.971587 -0.241442
0.984811 -0.180022
0.994162 -0.117894
0.999604 -0.055302
1.001115 0.007507
0.998689 0.070287
0.992336 0.132791
0.982081 0.194772
0.967965 0.255988
0.950044 0.316197
0.928388 0.375164
0.903084 0.432656
0.874230 0.488448
0.841942 0.542321
0.806346 0.594063
0.767583 0.643472
0.725806 0.690355
0.681179 0.734527
0.633879 0.775816
0.584091 0.814061
0.532012 0.849112
0.477846 0.880833
0.421806 0.909100
0.364113 0.933803
0.304993 0.954847
0.244677 0.972149
0.183404 0.985644
0.121412 0.995279
0.058945 1.001018
-0.003753 1.002840
-0.066437 1.000738
-0.128860 0.994722
-0.190780 0.984817
-0.251954 0.971061
-0.312143 0.953511
-0.371113 0.932235
-0.428633 0.907318
-0.484479 0.878857
-0.538434 0.846965
-0.590288 0.811768
-0.639837 0.773402
-0.686891 0.732019
-0.731265 0.687780
-0.772786 0.640858
-0.811295 0.591438
-0.846640 0.539711
-0.878684 0.485880
-0.907303 0.430156
-0.932386 0.372754
-0.953835 0.313900
-0.971567 0.253822
-0.985513 0.192755
-0.995618 0.130937
-1.001844 0.068609
-1.004166 0.006013
-1.002575 -0.056606
-0.997077 -0.119004
-0.987693 -0.180939
-0.974460 -0.242169
-0.957429 -0.302455
-0.936665 -0.361562
-0.912249 -0.419259
-0.884277 -0.475322
-0.852856 -0.529531
-0.818109 -0.581675
-0.780170 -0.631550
-0.739186 -0.678960
-0.695318 -0.723721
-0.648736 -0.765657
-0.599621 -0.804604
-0.548164 -0.840409
-0.494566 -0.872930
-0.439036 -0.902041
-0.381789 -0.927627
-0.323051 -0.949587
-0.263048 -0.967834
-0.202017 -0.982295
-0.140196 -0.992913
-0.077825 -0.999645
-0.015150 -1.002465
0.047584 -1.001359
0.110132 -0.996331
0.172249 -0.987400
0.233691 -0.974600
0.294216 -0.957979
0.353589 -0.937603
0.411575 -0.913550
0.467946 -0.885913
0.522482 -0.854800
0.574967 -0.820333
0.625196 -0.782646
0.672970 -0.741886
0.718102 -0.698213
0.760413 -0.651798
0.799738 -0.602823
0.835922 -0.551480
0.868821 -0.497970
0.898307 -0.442503
0.924262 -0.385298
0.946585 -0.326578
0.965188 -0.266575
0.979998 -0.205523
0.990956 -0.143664
0.998019 -0.081241
1.001160 -0.018497
1.000365 0.044318
0.995640 0.106960
0.987001 0.169182
0.974485 0.230738
0.958139 0.291389
0.938030 0.350894
0.914235 0.409021
0.886850 0.465542
0.855983 0.520235
0.821755 0.572885
0.784301 0.623287
0.743768 0.671242
0.700318 0.716564
0.654120 0.759075
0.605357 0.798608
0.554220 0.835011
0.500910 0.868140
0.445638 0.897867
0.388619 0.924076
0.330078 0.946665
0.270245 0.965548
0.209354 0.980651
0.147643 0.991917
0.085354 0.999301
0.022732 1.002777
-0.039979 1.002332
-0.102534 0.997968
-0.164688 0.989705
-0.226199 0.977574
-0.286827 0.961626
-0.346334 0.941922
-0.404489 0.918541
-0.461066 0.891576
-0.515844 0.861131
-0.568609 0.827327
-0.619157 0.790296
-0.667291 0.750183
-0.712822 0.707146
-0.755576 0.661352
-0.795384 0.612980
-0.832093 0.562220
-0.865560 0.509269
-0.895655 0.454334
-0.922261 0.397629
-0.945275 0.339375
-0.964607 0.279799
-0.980182 0.219134
-0.991940 0.157615
-0.999835 0.095482
-1.003836 0.032977
-1.003927 -0.029656
-1.000109 -0.092174
-0.992395 -0.154332
-0.980816 -0.215890
-0.965415 -0.276607
-0.946254 -0.336246
-0.923406 -0.394575
-0.896959 -0.451367
-0.867016 -0.506399
-0.833694 -0.559458
-0.797121 -0.610335
-0.757440 -0.658832
-0.714804 -0.704760
-0.669380 -0.747939
-0.621343 -0.788199
-0.570882 -0.825382
-0.518192 -0.859344
-0.463478 -0.889950
-0.406954 -0.917080
-0.348840 -0.940627
-0.289362 -0.960498
-0.228754 -0.976614
-0.167251 -0.988913
-0.105094 -0.997343
-0.042525 -1.001871
0.020210 -1.002479
0.082866 -0.999163
0.145198 -0.991935
0.206961 -0.980822
0.267913 -0.965866
0.327815 -0.947126
0.386433 -0.924674
0.443536 -0.898597
0.498900 -0.868996
0.552307 -0.835987
0.603548 -0.799698
0.652421 -0.760272
0.698733 -0.717862
0.742303 -0.672635
0.782959 -0.624766
0.820541 -0.574445
0.854902 -0.521869
0.885905 -0.467243
0.913428 -0.410781
0.937364 -0.352707
0.957619 -0.293246
0.974111 -0.232634
0.986778 -0.171108
0.995568 -0.108910
1.000447 -0.046284
1.001397 0.016524
0.998413 0.079267
0.991508 0.141699
0.980709 0.203574
0.966059 0.264651
0.947615 0.324688
0.925452 0.383450
0.899656 0.440707
0.870329 0.496235
0.837586 0.549815
0.801558 0.601239
0.762385 0.650304
0.720223 0.696819
0.675237 0.740602
0.627604 0.781482
0.577511 0.819299
0.525156 0.853907
0.470744 0.885170
0.414489 0.912967
0.356611 0.937190
0.297337 0.957745
0.236900 0.974553
0.175536 0.987549
0.113486 0.996684
0.050992 1.001922
-0.011701 1.003245
-0.074349 1.000648
-0.136706 0.994143
-0.198530 0.983756
-0.259578 0.969529
-0.319613 0.951517
-0.378402 0.929793
-0.435714 0.904443
-0.491328 0.875565
-0.545025 0.843273
-0.596598 0.807694
-0.645847 0.768968
-0.692578 0.727245
-0.736611 0.682688
-0.777776 0.635473
-0.815911 0.585782
-0.850868 0.533810
-0.882513 0.479760
-0.910722 0.423842
-0.935386 0.366274
-0.956409 0.307280
-0.973709 0.247090
-0.987219 0.185938
-0.996886 0.124063
-1.002674 0.061704
-1.004558 -0.000895
-1.002533 -0.063490
-0.996605 -0.125838
-0.986797 -0.187697
-0.973148 -0.248824
-0.955709 -0.308983
-0.934549 -0.367939
-0.909749 -0.425462
-0.881405 -0.481328
-0.849627 -0.535318
-0.814539 -0.587223
-0.776276 -0.636840
-0.734988 -0.683973
-0.690833 -0.728441
-0.643985 -0.770067
-0.594624 -0.808690
-0.542944 -0.844158
-0.489144 -0.876331
-0.433435 -0.905084
-0.376034 -0.930302
-0.317163 -0.951887
-0.257054 -0.969754
-0.195940 -0.983831
-0.134060 -0.994062
-0.071656 -1.000407
-0.008972 -1.002839
0.053748 -1.001348
0.116257 -0.995939
0.178312 -0.986631
0.239668 -0.973461
0.300086 -0.956478
0.359328 -0.935749
0.417163 -0.911353
0.473363 -0.883386
0.527707 -0.851957
0.579983 -0.817187
0.629985 -0.779212
0.677515 -0.738182
0.722388 -0.694255
0.764427 -0.647605
0.803467 -0.598414
0.839353 -0.546874
0.871945 -0.493188
0.901115 -0.437566
0.926747 -0.380226
0.948741 -0.321394
0.967011 -0.261299
0.981484 -0.200179
0.992104 -0.138273
0.998830 -0.075824
1.001633 -0.013077
1.000505 0.049721
0.995450 0.112324
0.986487 0.174487
0.973652 0.235964
0.956997 0.296516
0.936587 0.355904
0.912502 0.413896
0.884838 0.470264
0.853704 0.524788
0.819222 0.577255
0.781528 0.627459
0.740772 0.675203
0.697112 0.720301
0.650722 0.762578
0.601783 0.801868
0.550487 0.838018
0.497036 0.870887
0.441640 0.900348
0.384516 0.926286
0.325888 0.948602
0.265986 0.967207
0.205043 0.982032
0.143300 0.993019
0.080996 1.000126
0.018376 1.003327
-0.044316 1.002610
-0.106835 0.997979
-0.168937 0.989453
-0.230380 0.977066
-0.290924 0.960869
-0.350334 0.940925
-0.408378 0.917312
-0.464830 0.890124
-0.519471 0.859467
-0.572089 0.825462
-0.622478 0.788241
-0.670443 0.747951
-0.715797 0.704748
-0.758365 0.658802
-0.797981 0.610291
-0.834491 0.559405
-0.867754 0.506343
-0.897641 0.451309
-0.924035 0.394520
-0.946834 0.336197
-0.965950 0.276565
-0.981308 0.215857
-0.992849 0.154309
-1.000528 0.092162
-1.004315 0.029655
-1.004195 -0.032967
-1.000168 -0.095460
-0.992249 -0.157583
-0.980470 -0.219092
-0.964876 -0.279748
-0.945526 -0.339317
-0.922496 -0.397564
-0.895875 -0.454264
-0.865766 -0.509195
-0.832285 -0.562143
-0.795563 -0.612902
-0.755741 -0.661273
-0.712974 -0.707067
-0.667428 -0.750106
-0.619281 -0.790221
-0.568719 -0.827254
-0.515938 -0.861061
-0.461145 -0.891509
-0.404552 -0.918478
-0.346380 -0.941862
-0.286855 -0.961569
-0.226210 -0.977520
-0.164681 -0.989652
-0.102509 -0.997918
-0.039936 -1.002283
0.022793 -1.002729
0.085433 -0.999254
0.147739 -0.991870
0.209467 -0.980605
0.270376 -0.965502
0.330226 -0.946619
0.388783 -0.924030
0.445817 -0.897822
0.501105 -0.868096
0.554429 -0.834969
0.605581 -0.798569
0.654359 -0.759040
0.700572 -0.716534
0.744038 -0.671219
0.784586 -0.623272
0.822056 -0.572880
0.856303 -0.520240
0.887190 -0.465560
0.914596 -0.409053
0.938414 -0.350942
0.958551 -0.291453
0.974926 -0.230821
