0.100000 1.253280
0.099000 1.249553
0.098000 1.245758
0.097000 1.241896
0.096000 1.237970
0.095000 1.233980
0.094000 1.229929
0.093000 1.225819
0.092000 1.221652
0.091000 1.217430
0.090000 1.213156
0.089000 1.208833
0.088000 1.204465
0.087000 1.200053
0.086000 1.195601
0.085000 1.191113
0.084000 1.186593
0.083000 1.182044
0.082000 1.178116
0.081000 1.174859
0.080000 1.171504
0.079000 1.168055
0.078000 1.164518
0.077000 1.160899
0.076000 1.157202
0.075000 1.153434
0.074000 1.149600
0.073000 1.145707
0.072000 1.141762
0.071000 1.137770
0.070000 1.134444
0.069000 1.131431
0.068000 1.128311
0.067000 1.125091
0.066000 1.121780
0.065000 1.118386
0.064000 1.114918
0.063000 1.111385
0.062000 1.107795
0.061000 1.104991
0.060000 1.102137
0.059000 1.099178
0.058000 1.096123
0.057000 1.092985
0.056000 1.089773
0.055000 1.086646
0.054000 1.084041
0.053000 1.081325
0.052000 1.078509
0.051000 1.075607
0.050000 1.072633
0.049000 1.070089
0.048000 1.067565
0.047000 1.064941
0.046000 1.062232
0.045000 1.059650
0.044000 1.057309
0.043000 1.054866
0.042000 1.052339
0.041000 1.050040
0.040000 1.047794
0.039000 1.045457
0.038000 1.043246
0.037000 1.041131
0.036000 1.038928
0.035000 1.036922
0.034000 1.034888
0.033000 1.032910
0.032000 1.031007
0.031000 1.029124
0.030000 1.027319
0.029000 1.025563
0.028000 1.023827
0.027000 1.022206
0.026000 1.020607
0.025000 1.019053
0.024000 1.017565
0.023000 1.016146
0.022000 1.014778
0.021000 1.013464
0.020000 1.012218
0.019000 1.011031
0.018000 1.009892
0.017000 1.008826
0.016000 1.007814
0.015000 1.006863
0.014000 1.005972
0.013000 1.005145
0.012000 1.004379
0.011000 1.003675
0.010000 1.003033
0.009000 1.002453
0.008000 1.001934
0.007000 1.001478
0.006000 1.001084
0.005000 1.000751
0.004000 1.000479
0.003000 1.000269
0.002000 1.000119
